Station	Lat	Lon	NO2	PO4	NO2NO3	Si	pH	CO2	HCO3	CO3	tcarb	tAlka	chlc3	chlc12	chda	peri	phaeophorba	butan	fuco	neox	prasino	violax	hexano	diadino	allox	diatox	zeax	lutein	bactChla	dvnylChlb	Chlb	chlbtot	dvnylChla	Chla_hplc	chlatot	phaeopha	carot	micro	nano	pico	seaiceconc	moonphase	PAR	Fe	NH4	ssCDOM	chla_ss	chla_int	NPP_arctic	NPP_vgpm	POC	PIC	Okubo	Lyapunov	ResTime	Kd490	acDOM	KdPAR	Zeu	Zmld	Tzeu	Szeu	Chl10m	O2_10m	NO3_10m	flux200m	flux500m	flux1000m	Slopepartsurf	Slopepart200m
1	44.4013	-9.8273																																							0	0.92	32.30898	0.001292765	0.017782107		0.248932622	43.1353			68.13409042	0.000201863	-0.11994	0.075851	10.972222	0.046992	0.024465214	0.101522324	60.02433777	12	15.3154	36.3549	0.076							
2	39.0564	-10.9808																																							0	0.77	37.96601	0.001386658	0.019857132		0.134939209	43.6517					-0.006249	0.044172	2.916667		0.015597832	0.074890737	76.29867935	31	16.6519	36.6246	0.0826							
3	36.72688608	-10.47157215																																							0	0.34	44.6985735	0.001387426	0.019620689		0.09509686	18.6296			37.92914581	0.000124909	-0.127186	0.062208	25.638889															
4	36.5533	-6.5669																																							0	0.15	43.949226	0.001387698	0.022870243	1.166925	0.280799493	22.3062		-1749.131	72.95794296	0.000251951		0.031746	4	0.059238	0.026317092	0.106677467	64.14951324	15	16.1933	36.7551								
5	36.02711525	-4.445357062	0.025625	0.165625	4.17675	2.102875			0.0032	0.00375	0.0731	0.002	0.0086	0.0247	0.00125	0	0.0032	0.00375	0.0731	0.002	0.0049	0.0005	0.00975	0.0059	0.00065	0.0004	0.0031	0	0.0002	0	0.01435	0.01435	0	0.24	0.24	0.0029	0.007	76.73797886	10.48650379	12.77551735	0	0.04	40.2531165	0.001387427	0.017367579		0.130155128	17.62813333			43.23555674	8.77844E-05	-10.41738	0.28453	13.638889	0.032172	0.015219115	0.074268537	79.13714091	45	19.0895	36.9122	0.00323							
6	36.51769337	-3.991589503	0.02825	0.1655625	3.81675	2.0685			0.0052125	0.00395	0.085475	0.002025	0.010775	0.0296375	0.0025125	0	0.0052125	0.00395	0.085475	0.002025	0.0050125	0.000575	0.0139625	0.0068875	0.000875	0.0004875	0.0037125	0.00005	0.0002	0	0.0162	0.0162	0	0.2709125	0.2709125	0.0029125	0.007425	75.45955084	12.29687372	12.24357545	0	0.09	44.2521	0.001383199	0.017879906		3.992484236	55.2985			403.9583893	0.000338158		0	0	1.012225	0.079346644	0.361594383	39.24993134	11	15.9433	37.5501								
7	37.04084	1.945576552	0	0.084	2.02475	1.59025			0	0.0066	0.00665	0.00065	0.00415	0.00495	0	0.00095	0	0.0066	0.00665	0.00065	0	0.00045	0.0127	0.00275	0	0	0.02355	0	0.0005	0	0.0058	0.0058	0	0.0587	0.0587	0	0.0043	19.38985995	33.36409366	47.24604639	0	0.25	31.087229	0.001387777	0.01524472		0.123706834	25.4604		356.9545			-1.3813	0	0		0.015987324	0.070147369	79.04553986	26	15.4374	37.8316	0.0874							
8	38.00496667	3.984583333							0	0.0028	0.00265	0	0.0026	0.002225	0.0004	0.0003	0	0.0028	0.00265	0	0	0.000225	0.00605	0.0024	0	0.000325	0.022625	0	0.00055	0	0.002525	0.002525	0.0047	0.0356	0.0403	0	0.00325	11.94203398	24.87313652	63.1848295	0	0.62	28.27956	0.001387759	0.015063652		0.094997358	22.87095			38.29621887	3.76106E-05	0.575455	0.062714	1.055556	0.031021	0.014008673	0.068354342	85.96214104		15.4709	37.8646	0.0614							
9	39.10455169	5.899002247							0.00395	0.0119	0.00455	0.0012	0.0074	0.01145	0.0011	0.0018	0.00395	0.0119	0.00455	0.0012	0.0006	0.00035	0.03295	0.00275	0.0007	0	0.02285	0	0.0004	0	0.0071	0.0071	0.0335	0.10075	0.13425	0.001	0.00945	10.89140827	56.4811999	32.62739183	0	0.71	34.67009275	0.00138773	0.015086659		0.086668578	25.92965		240.841	36.35252698	7.4043E-05	0.021447	0.190651	0	0.03115	0.011657334	0.052273528	88.29105282	25	14.4442	38.086								
10	40.67053438	2.868595833							0	0.0043	0.001775	0.0004	0.004475	0.00455	0	0	0	0.0043	0.001775	0.0004	0	0.000175	0.01335	0.001425	0	0	0.005425	0	0.000175	0	0.005425	0.005425	0	0.06045	0.06045	0	0.003325	8.045616742	59.34194876	32.6124345	0	0.785	33.32318225	0.001387781	0.012591447		0.129293255	22.42193333			45.97957683	0.000126943	0.063913	0.187437	1.027778	0.03632475	0.015657697	0.071866925	77.19309769	30	14.5758	38.6645	0.0647							
11	41.6679125	2.799070833																																							0	1	32.782772	0.001387775	0.009132409		0.098903261				43.02017593	0.00002		0	0															
12	43.34895932	7.895157627					8.160344	12.056182	0.00585	0.043125	0.02125	0.00985	0.010075	0.024075	0.00095	0.0167	0.00585	0.043125	0.02125	0.00985	0.00225	0.001375	0.135775	0.0087	0.0022	0.0012	0.02475	0.00155	0.0008	0	0.018225	0.018225	0	0.2646	0.2646	0.00165	0.01265	18.97165305	66.95556369	14.07278326	0	0.49	28.660219	0.001387764	0.009879381		0.135648683				48.42629624	8.94496E-05	-1.073011	0.056309	26.416667	0.040296	0.018915596	0.095721509	76.64807511	21	13.931	38.4715		207.5266		0.192964036	0.159760741	0.134807106	-3.199918455	-3.312324195
13																																																																						
14	39.8974608	12.8745144	0.0005875	0.02005	0.0490625	1.0972375			0	0.0065	0.0027	0.0007	0.002825	0.00535	0	0.002475	0	0.0065	0.0027	0.0007	0	0.0005	0.019775	0.002575	0.00025	0	0.024525	0	0.00055	0	0.005625	0.005625	0	0.092625	0.092625	0	0.005175	11.84369103	44.70022521	43.45608375	0	0.06	18.730607	0.001387853	0.009944823		0.115833419	18.1147			42.73591169	0.000184414	0.178376	0.112674	0		0.013027485	0.075341174	80.9420166	37	16.8195	38.3546	0.11	210.8655		0.661887359	0.938196807		-2.931993092	-2.759640551
15	39.97969167	13.83851111	0.0419	0.0473	0.25675	1.07555																																			0	0.5	27.126958	0.001387889	0.008718667		0.134908999	43.4666			53.34174652	0.000197455	-0.093545		6.527778	0.0419805	0.017961964	0.078425032	76.91839473	28	14.6599	37.9575	0.5283	246.0837						
16	37.42749524	15.45945397	0.01445	0.02835	0.08225	0.6881			0	0.01015	0.005075	0.0005	0.0068	0.0077	0	0.00165	0	0.01015	0.005075	0.0005	0	0.0005	0.0228	0.0034	0.00025	0	0.02465	0	0.00055	0	0.0072	0.0072	0.00055	0.10115	0.1017	0	0.0067	13.42871406	46.25080104	40.32048491	0	0.64	26.58090375	0.001387897	0.004815927		0.162917635	19.6254			54.50205966	0.000221803	-0.010883		3.888889	0.040575333	0.018799592	0.086471946	71.49381332	33.33333333	15.9681	38.47693333	0.083094667	208.5915333		1.159606852	1.158808625		-3.16415674	-2.97518772
17	36.26360417	14.30499167																																							0	0.73	30.841688	0.001387889	0.008986401		0.112748344	18.3267			44.17111905	0.000116664	-0.5862	0.048917	5.416667	0.036926	0.015143603	0.074451827	80.86283493	27	19.7714	37.943	0.065276	213.6151		0.294479944			-3.131738194	-3.412630514
18	35.75501595	14.27050123	0.0398	0.01935	0.15025	0.575683333			0	0.02375	0.009625	0.0011	0.005825	0.009125	0	0.002925	0	0.02375	0.009625	0.0011	0	0.0012	0.04205	0.006475	0.0005	0.000825	0.055175	0	0.0011	0	0.00615	0.00615	0.034725	0.139275	0.174	0	0.010375	13.26762813	46.49799248	40.23437939	0	1	25.17139975	0.001387895	0.009119561		0.09893885	16.005		315.859	43.97170289	9.19808E-05	-0.124391	0.066158	15.222222	0.0307105	0.015010972	0.075488192	85.11611023	41	19.8787	38.0609	0.053967	208.2023						
19	34.26506889	14.00244667																																							0	0.25	27.9164025	0.00138799	0.008620988		0.091964487	60.844725			38.4113996	0.000129717	0.029228	0.0830065	1.5555555	0.0335975	0.012408371	0.069919545	86.15046597	58.5	20.76445	38.4815	0.30204	234.8055						
20	34.95317603	15.34029752																																							0	0.11	26.108534	0.001387971	0.00661941		0.09369269	31.91485			40.30224196	0.000138374	0.5702145	0.1358625	0.6666665	0.032037333	0.011325468	0.066281974	91.12576548	64.5	21.42155	38.5921	0.194915	235.3345						
21	38.00606702	17.30435532	0.003575	0.000575	0.131	0.8355			0	0.034	0.0167	0.00165	0.02705	0.02355	0	0.00515	0	0.034	0.0167	0.00165	0.0008	0.0024	0.10315	0.01245	0.0017	0.00055	0.05595	0	0.00225	0	0.01805	0.01805	0	0.2957	0.2957	0	0.01795	12.77955338	59.69909966	27.52134696	0	0.01	22.91148433	0.001388002	0.003092495	4.11862	0.204292191	17.5055		654.913	59.50739937	0.00010496	0.571626	0.092095	0	0.041536333	0.016045107	0.083015939	79.88412857	56.5	20.46625	38.51825	0.13172	224.3758		0.223953763	0.188980853		-3.467869308	-3.39144948
22	39.97261215	17.43837477	0.031225	0.012008333	0.26775	1.936216667			0.00675	0.04785	0.05435	0.00305	0.04325	0.04515	0.0018	0.0095	0.00675	0.04785	0.05435	0.00305	0.00505	0.0028	0.14465	0.01645	0.0052	0.00025	0.06115	0	0.00305	0	0.02775	0.02775	0	0.52025	0.52025	0.00415	0.0275	24.05776847	54.39957458	21.54265695	0	0.015	20.25149025	0.001387958	0.001611836	4.11862	0.417381659	17.8637		561.666	77.65626526	0.000289168	-0.1502575	0.039292	1.7916665	0.062003	0.044943824	0.122485159	51.02861309	13.5	17.2749	38.2534	0.241895	224.74775		1.560010314	1.351660365		-3.410890777	-3.447640057
23	42.20785349	17.74146279	0.01225	0.012833333	0.426916667	1.401875																																			0	0.115	16.470955	0.001387852	0.001467169		0.340049938	16.70305		468.419	107.9821854	0.000250634	-0.354776	0.039292	2.4166665	0.06248	0.032153643	0.115394124	56.3404026	12.33333333	16.29576667	38.29213333	0.17378	221.8715667		3.368323553			-2.618914799	-2.570663729
24	41.65936104	18.31637143																																							0	0.285	18.03043667	0.001387889	0.001914867		0.325823717	13.88215		420.545	94.47095998	0.000220143	0.369749	0	0.625	0.07586	0.050458368	0.117662753	48.57429695	12.33333333	16.37066667	38.37356667	0.12965	221.7655667		1.597479333			-3.704023927	-3.361779429
25	39.3059194	19.46324224	0.01975	0.0395	0.701875	1.418125	8.12789	12.038528																																	0	0.483333333	19.4737988	0.001387956	0.002534018		0.216995382	14.228225		420.545	67.44083956	9.56419E-05	0.369749	0	0	0.065140667	0.046995339	0.118543168	56.57326126	20	16.69953333	38.45206667	0.135176667	218.4669		0.334140238	0.320518231		-3.425095928	-3.32767402
26	37.14547368	23.46326711	0.00875	0.00925	0.06725	1.018875	8.1191495	12.148291																																	0	0.79	20.91916325	0.001387959	0.002741388		0.183951559	15.218675			59.38225377	0.000112326		0	0	0.0505494	0.031753799	0.102290326	63.9629715	39.5	17.910225	38.5214	0.128865	215.263975		0.142656635			-3.739318235	-3.865504981
27	33.99125714	32.90205714					8.105355	11.501216																																	0	0.93	19.71709133	0.001388064	0.003801345		0.079432249	14.5225			35.80528259	0.00015411	-0.356175	0.101637	10.027778											0.084847548	0.069103343		-3.317862078	-3.412416165
28	34.07775294	33.034					8.105355	11.501216																																	0	0.895	16.372464	0.001388053	0.003637297		0.065944848	12.28846667			37.1862615	0.000190255	0.170989	0.080827	1.027778		0.009921318	0.066641284	97.35184858	68	21.3419	39.6608	0.067441	207.4429	1.792	0.086103872	0.076316629		-3.433376184	-3.514464183
29																																																																		1.461939536	1.135386978		-3.075154984	-2.999008684
30	33.29741521	33.03039171	0.00375	0.000625	0.222625	0.812			0	0.01665	0.00465	0	0.01525	0.01735	0	0.00055	0	0.01665	0.00465	0	0	0	0.0466	0.0046	0	0	0.04155	0	0.001	0	0.0326	0.0326	0.076	0.15425	0.23025	0	0.0206	5.19998156	46.10586487	48.69415357	0	0.15	19.87660075	0.001387635	0.007246069	2.20208	0.09149066	16.30535		306.2666667	41.98608971	0.00014266	-0.073464	0.062699	1.986111		0.012546655	0.073512455	95.35381699	34	20.1803	39.5638	0.091086	207.5292	-0.44603	0.063408374	0.031758383		-3.120076454	-3.15476175
31	25.33229063	35.96416458	0.01575	0.03975	0.04625	1.128	8.049668	11.6268935	0	0.010675	0.00785	0.000825	0.01395	0.01665	0	0.00245	0	0.010675	0.00785	0.000825	0	0.000875	0.0369	0.0045	0	0	0.1229	0	0.001275	0	0.0127	0.0127	0.141875	0.14365	0.285525	0	0.0233	7.908267796	27.55301379	64.53871841	0	0.21	32.072556	0.00138745	0.015684726	2.074805	0.111462106	16.42853333		334.5795	44.07948875	0.000108206	0.0738675	0.028165	0.597222	0.033365	0.012755388	0.075386864	86.79759217	40.5	22.38825	39.9166	0.0660175	198.51775	-0.291655	0.0737119			-3.41371441	-3.563894969
32	23.15414784	37.39914748	0.010833333	0.015083333	0.0135	0.875	7.913021	16.9370085	0.00055	0.013825	0.0054	0.001325	0.016825	0.0153	0	0.002325	0.00055	0.013825	0.0054	0.001325	0.0013	0.001025	0.04185	0.003525	0	0	0.104175	0	0.001	0	0.028275	0.028275	0.113975	0.140475	0.25445	0	0.022125	5.823837244	31.00499255	63.17117021	0	0.08	35.41432467	0.001387789	0.019819019	1.65278	0.141639415	14.90755		375.1296667	50.4297039	0.00015791	0.2179455	0	0	0.035025	0.014782076	0.076392665	82.17112986	38.25	25.38995	40.281525	0.013053803	189.470925	-0.1530655	0.144950281	0.115348256		-3.466479802	-3.447403845
33	20.99609872	38.70125705	0.012375	0.09925	0.474625	1.137875	7.8847035	18.0244415	0	0.01105	0.007425	0.0012	0.0149	0.0185	0	0.003775	0	0.01105	0.007425	0.0012	0.00145	0.001275	0.04825	0.005325	0.000525	0	0.1158	0	0.000975	0	0.02535	0.02535	0.12985	0.227775	0.357625	0	0.03145	7.649550603	31.70843354	60.64201585	0	0.125	34.40637675	0.001387773	0.017378158	1.35948	0.232659438	15.876		443.6815	67.27928543	8.51389E-05	0.229217	0	4.986111	0.04224225	0.020931659	0.089234141	72.2335186	35.5	26.694575	39.7711	0.073950553	185.794725	0.254983	0.265261337	0.299791565		-3.737678436	-3.791929345
34	19.41562526	42.62303737	0.03125	0.165625	1.37675	1.482375			0	0.02805	0.02485	0.0031	0.03345	0.032175	0	0.004275	0	0.02805	0.02485	0.0031	0.005875	0.000975	0.089575	0.008275	0	0	0.0312	0	0.000675	0	0.053975	0.053975	0.058625	0.3275	0.386125	0	0.0286	16.69422529	50.23674671	33.069028	0	0.55	39.856111	0.001387755	0.015265826	1.36093	3.161896661	16.38688		421.174	515.1187859	0.000469339	0.007657	0	9.972222			0.102668648		27.5	27.5832	38.9166	0.189485	184.074	-0.0760935	0.39391602	0.22928013		-3.232260653	-3.344148353
35																																																																						
36	20.82414715	63.52419049	0.063833333	0.998166667	8.251666667	10.02816667	7.957807	17.964306	0.00225	0.009766667	0.013366667	0.0019	0.014966667	0.0151	0	0.0051	0.00225	0.009766667	0.013366667	0.0019	0.00045	0.0014	0.037466667	0.005166667	0	0.00025	0.025233333	0.003	0.00045	0	0.032433333	0.032433333	0	0.208833333	0.208833333	0.00315	0.007033333	19.801162	38.78481693	41.41402107	0	0.1	49.163003	0.001387737	0.028895527	2.782646667	0.770731266	15.3808		1358.45	235.4312759	0.000425795	-0.059071	0.0683535	0	0.103872	0.091012052	0.173833933	37.4864235	13.5	24.56695	36.6809	0.19146	212.0209	0.21989	3.835457698	3.852036017		-2.560231251	-2.599771414
37	20.06776729	63.97576542																																							0	0.05	51.252603	0.001387732	0.029460803	3.50352	0.622551804	16.20663333		1056.683	201.8413315	0.000378402	-0.0408735	0.065677	0	0.103872	0.090574257	0.173833933	38.20765305	11	24.3537	36.6725	0.25421	211.3969	1.9253	3.665910168	3.095892592	4.28864801	-2.256507973	-2.218072812
38	18.97533232	64.80513398	0.383444333	1.081611	9.049666667	11.2875	7.665524	40.13784	0.001525	0.012891667	0.010475	0.00245	0.016325	0.011058333	0	0.003975	0.001525	0.012891667	0.010475	0.00245	0.001616667	0.000558333	0.024791667	0.002766667	0	0	0.015708333	0.00015	0.000733333	0	0.029375	0.029375	0.01145	0.122633333	0.134083333	0	0.007358333	20.46661683	36.16025126	43.3731319	0	0.026666667	51.7985725	0.001387723	0.027771399	3.6970675	0.367299967	22.33882857		743.8926667	99.66905823	0.000220786	0.204471	0.069484	1.125	0.0609005	0.035681278	0.130705503	51.08182844	15.5	25.2245	36.72465	0.18159	199.91905	1.11903	5.142869189	4.196757137	3.15955267	-2.459349428	-2.354132015
39	18.48597562	66.65888199	0.729666667	1.292889	10.60816667	17.70847233			0.003625	0.010675	0.00675	0.001658333	0.012825	0.01115	0	0.002983333	0.003625	0.010675	0.00675	0.001658333	0.001291667	0.000566667	0.025608333	0.002925	0.000125	0	0.040875	0	0.000683333	0	0.022525	0.022525	0.024933333	0.120983333	0.145916667	0	0.009	12.71204691	33.65472121	53.63323188	0	0.223333333	51.353293	0.00138772	0.02349785	2.087226667	0.292426868	21.559		510.181	86.15027142	0.000180585	0.2231995	0.086921	1.125	0.05383	0.029775886	0.10184841	56.6617466	15	25.58665	36.71745	0.112	194.36765	-0.86045	2.601306869	2.723816945	2.621348418	-2.734482638	-2.725799205
40	16.90464912	68.39993465	0.156889	1.133811	10.37914433	10.60524433			0.0031935	0.0040935	0.0019735	0.0005335	0.0056265	0.00968	0	0.0022135	0.0031935	0.0040935	0.0019735	0.0005335	0	0.0002665	0.01452	0.0014265	0	0	0.0377	0.00068	0.0008665	0	0.01072	0.01072	0.082	0.0783065	0.1603065	0.0022135	0.0106135	8.552821296	28.79078382	62.65639488	0	0.796666667	55.500891	0.001387709	0.020881673		0.154575108	12.78587143		312.006	82.59899076	0.000122947	-0.1846005	0.0565495	9.513889	0.054241	0.038808463	0.097205472	56.85988998	13.5	25.95015	36.7209	0.114915	193.1701	1.0652	2.447168114	3.711142335	5.094182588	-2.739707299	-2.768401256
41	13.05561077	70.69134192	0.02075	0.7615	6.756166667	9.231333333			0	0.003266667	0.002033333	0	0.004933333	0.005466667	0	0.001533333	0	0.003266667	0.002033333	0	0	0	0.014683333	0.001433333	0	0	0.060166667	0	0.00035	0	0.00405	0.00405	0.0555	0.045133333	0.100633333	0	0.01195	6.235276614	24.53835726	69.22636612	0	0.84	56.45128233	0.001387699	0.018084699		0.096919227	16.27016		261.38775	47.26595115	0.000151308	-0.1268815	0.026178	13.513889	0.038397667	0.022756204	0.081267678	83.43752416	14.33333333	26.36923333	36.58683333	0.0616951	191.0658333	0.18329	0.551669643	0.462736351	0.479194547	-2.974689919	-3.063338485
42	5.780363214	73.84111071	0.003	0.51175	5.844666667	8.960916667			0	0.0017	0.0011	0	0.00175	0.003283333	0	0.00085	0	0.0017	0.0011	0	0	0	0.006933333	0.001	0	0	0.063016667	0	0	0	0.003183333	0.003183333	0.0544	0.03215	0.08655	0	0.010166667	3.952740586	13.51412224	82.53313718	0	0.635	54.750086	0.001387691	0.015530824		0.18830401	15.6538		210.7695	73.74585249	0.001032971	0.1525595	0.118141	5	0.027644	0.010880594	0.069160691	86.62337494	23	27.21435	35.7565	0	188.47225	-1.7809	0.504099242	0.431370658	0.425187622	-2.615503321	-2.621391711
43	4.017725758	72.80729242	0.004	0.076	0.035	2.064			0	0.009	0.0149	0.0014	0.0221	0.023	0	0.0063	0	0.009	0.0149	0.0014	0.0045	0.0007	0.0493	0.0057	0.0013	0	0.0757	0	0.0012	0	0.0464	0.0464	0.0985	0.289	0.3875	0.0035	0.0269	14.34363889	31.92961579	53.72674533	0	0.34	51.59353167	0.001382646	0.01531058		0.30616164	14.78045			118.5672684	0.001032971	0.0736645	0.0709385	1		0.024777293	0.067605957	69.18317413	13	28.6319	35.1087	0.112775	189.3918	-0.78467				-4.019903	
44	2.208586916	71.55721449	0.006625	0.724	8.517125	12.314			0	0.0026	0.001	0	0.00235	0.003475	0	0.001775	0	0.0026	0.001	0	0	0	0.008275	0.001325	0	0	0.030175	0	0	0	0.00335	0.00335	0.050425	0.0372	0.087625	0	0.006625	8.760018806	25.56586665	65.67411454	0	0.05	52.35152667	0.00134915	0.016021981		0.089928385	17.5297		193.666	37.24840927	0.000184778	0.056421	0.046654	0		0.008001673		87.46320343	24			0	188.0359	-0.61226	0.720796919	0.872436534	1.068464837	-2.390764113	-2.371373946
45	-0.229688793	72.27409655	0.015333	1.936	28.644	15.138																																			0	0.01	54.2241225	0.001300308	0.016515702		0.115378083	13.73795		214.975	41.53479052	0.000173742	0.077086	0.0645135	1.75											0.571603242	0.434269135		-2.518907412	-2.494455931
46	-1.130625	72.82156471	0.03	0.139	0.475	2.082	8.016174	10.576483	0.0092	0.0057	0.0186	0.0026	0.0105	0.014	0	0.004	0.0092	0.0057	0.0186	0.0026	0.0094	0.0007	0.0231	0.0034	0.0009	0	0.0459	0	0.001	0	0.0491	0.0491	0.0485	0.2412	0.2897	0	0.0196	20.8543026	20.85822922	58.28746818	0	0.025	44.18557	0.001296749	0.016487172		0.16870462	14.82595		236.284	42.50815678	0.0002045	0.0277625	0.052433	1.75	0.03755	0.007884224	0.055621702	91.9634908	20	24.035	35.6207	0.0064835	184.818	1.8661				-3.2465645	
47	-4.706537795	70.08075118																																							0	0.15	42.01619	0.00126151	0.015203042		0.074194875	20.6358		173.214	33.75337696	0.000190291	-0.0524875	0.0564775	1.888889	0.0318	0.021687932	0.071429439	59.72914314	14			0.18188	184.8749	0.35805	0.269691721	0.316642839		-2.627399912	-2.564794655
48	-12.68354808	63.29573846																																							0	0.48	43.629172	0.001156849	0.012768947		0.1672022	16.2248		173.214	50.44159699	0.000730487	0.046845	0.1014035	2.736111											0.408214784	0.20674038		-2.644876085	-2.599735318
49	-19.3747131	58.06644643																																							0	0.4	37.7000305	0.001049866	0.011721853		0.159391056	8.3341			50.03283572	0.000696367	0.0730075	0.1052725	5.7638885															
50	-21.48708512	56.31717907	0.00675	0.08925	0.10125	2.3205	8.062792	9.957814	0	0.00395	0.002325	0	0.0039	0.00355	0	0.001	0	0.00395	0.002325	0	0	0	0.0099	0.00125	0	0	0.049175	0	0.000625	0	0.00165	0.00165	0.049125	0.0349	0.084025	0	0.00865	7.489127526	22.2928639	70.21800857	0	0.136666667	36.940521	0.00098638	0.011537544		0.059218876	17.1055			30.98883247	0.000125723	0.0298635	0.0559105	4.9166665	0.027273	0.006571704	0.061443126	101.5610066	72	26.9054	35.1223	0.040949	194.8358	0.5317	0.062652233	0.065441461	0.077744649	-3.066261992	-3.130692055
51	-20.70329775	54.26867453	0.008875	0.2161875	1.965125	2.6592185			0	0.0136	0.00265	0.00035	0.00925	0.00865	0	0.0013	0	0.0136	0.00265	0.00035	0.0003	0	0.019425	0.001925	0	0	0.0403	0	0.0004	0	0.002	0.002	0.0586	0.055375	0.113975	0	0.014275	7.770247882	41.05870412	51.171048	0	0.105	36.35263033	0.001012773	0.010900796	0.79622	0.065190791	22.04313333		172.66325	32.27833096	0.000120097	0.200079	0.055608	1.0694445	0.02654	0.006585523	0.06607195	103.0593538	30	26.6614	35.0817	0.040949	194.3521	0.5317	0.097461643	0.074801526	0.104962662	-2.956191133	-3.015134995
52	-16.34473938	52.87283664	0.025166667	0.3115	2.75625	3.628	7.612326	33.461945	0	0.008425	0.002775	0.001025	0.00725	0.010425	0	0.002475	0	0.008425	0.002775	0.001025	0	0	0.025775	0.002925	0	0	0.065425	0	0.0005	0	0.014225	0.014225	0.1051	0.064025	0.169125	0	0.01555	6.509509248	31.3784287	62.11206205	0	0.643333333	36.43027357	0.001061064	0.011373766	0.79457	0.098574605	27.11338		172.66325	43.57467127	0.000161413	0.408363	0.1111785	1.0694445	0.0283	0.00886263	0.049949803	98.51449076	45	23.6075	35.20705	0.137267	191.7574	0.5317	0.076995935	0.065582555	0.054068857	-2.880153305	-2.94754514
53	-12.99391074	46.4305047	0.011	1.274	17.29	10.55																																			0	0.95	40.99363733	0.001071068	0.012023675		2.180014264	10.2197			63.06895208	0.000431895	0.723076	0.114168	2.8333335	0.032072667	0.010607497	0.062784158	85.10701656	41.5	27.49135	35.01805	0.15431	192.8597	0.5317	0.300512761	0.225369037	0.159976939	-2.763449736	-2.77809719
54	-13.30745294	44.80942288																																							0	0.986666667	39.74829467	0.001034591	0.011603734	0.7966	2.848696978	11.30893333		286.329	65.29205321	0.000453873	0.704094	0.057746	2.305555667	0.0346165	0.010107911	0.083429002	77.0221672	46	28.148	35.0932	0.066414	192.7356	0.5317					
55	-15.3419	43.29631111																																							0	1	39.592453	0.001008999	0.011774442	0.7966	0.121014141	10.9825		286.329	43.84181976	9.52729E-05	0.887425		1.25															
56	-16.16298941	43.00338118																																							0	0.995	38.73506333	0.001009226	0.01125673	0.7072	0.158341477	9.333		330.336	55.53266907	0.000339258	0.3727625		1.625											0.237231688	0.235348811	0.212361021	-3.020200115	-3.045863742
57	-17.27512604	42.50841875																																							0	0.953333333	37.3545435	0.001004817	0.010919482	0.6178	0.17443048	10.89546667		374.343	58.07749796	0.000296707	0.207864	0.197237	1											0.295822854	0.279824612		-3.107069622	-3.089903157
58	-17.99840061	41.92941437	0.0218755	0	3.7291075	4.626829	7.971453	19.364503	0	0.01155	0.005325	0.00055	0.01085	0.0086	0	0.00165	0	0.01155	0.005325	0.00055	0.0004	0	0.02405	0.0027	0	0	0.0527	0	0.000825	0	0.00265	0.00265	0.0877	0.090425	0.178125	0	0.01935	10.64145186	37.42293949	51.93560865	0	0.77	35.47206936	0.000961736	0.011503645	1.56105	0.158935507	18.81332		330.61375	52.8357632	0.000120727	0.0790926	0.09544	5.45833325	0.03978	0.015415141	0.085827759	71.31214981	42	25.7419	35.32485	0.02196305	196.10075						
59	-22.3368	40.3412																																							0	0.61	31.0455	0.000909214	0.012337432	1.56105	0.158188522	20.3338		343.789	53.02372742	0.000111145	-0.113784	0.04422	8.944444															
60	-22.3368	40.3412																																							0	0.61	31.0455	0.000909214	0.012337432	1.56105	0.158188522	20.3338		343.789	53.02372742	0.000111145	-0.113784	0.04422	8.944444															
61	-22.3368	40.3412																																							0	0.61	31.0455	0.000909214	0.012337432	1.56105	0.158188522	20.3338		343.789	53.02372742	0.000111145	-0.113784	0.04422	8.944444															
62	-24.76633644	39.48866186																																							0	0.446666667	30.692735	0.000856312	0.011267843	1.34846	0.17858949	21.12805		447.04825	54.55667973	0.000126257	0.281587	0.081632	4.472222	0.0375205	0.015089795	0.085229821	74.32727242	15	25.9124	35.3271	0.068955	195.4816	0.82027					
63																																																																		0.199078333	0.143219623		-2.862893933	-2.899170854
64	-30.18465481	36.56625169	0.0025	0.211375	1.770875	2.339625	8.0838835	11.5535085	0	0.011775	0.01215	0.000875	0.0131	0.012775	0	0.001575	0	0.011775	0.01215	0.000875	0.003175	0	0.02175	0.003225	0.001125	0	0.0414	0	0.000775	0	0.025825	0.025825	0.091875	0.1479	0.239775	0	0.0187	17.05671469	28.57328577	54.36999954	0	0.123333333	21.982067	0.000782113	0.010062606	1.180353333	0.233731502	22.27292857		574.7465	67.69209735	0.000159749	2.7288895	0.1311825	0	0.0493735	0.019667019	0.109497022	63.20321608	63.66666667	22.22926667	35.49376667	0.155546667	210.3982		0.886262162	0.879176781	0.905712356	-2.428603272	-2.303008324
65	-35.16297165	24.82679567																																							0	0.08	19.44138375	0.000536407	0.014656508		0.377297726	22.1598		716.0775	93.03405839	0.000233743	2.4619345	0.120933	0	0.058705	0.027471008	0.124860016	56.1093359	77	21.8225	35.6141	0.2173	206.2062		0.572947282	0.512159085	0.675488312	-2.558931874	-2.493661202
66	-34.38994788	17.94311059	0.257625	0.3958125	3.7019375	2.6300625	8.0739105	14.788352	0.02455	0.028125	0.030325	0.00505	0.039325	0.045925	0.00425	0.01485	0.02455	0.028125	0.030325	0.00505	0.014225	0.001525	0.077525	0.00975	0.0109	0	0.013825	0.0016	0	0	0.08055	0.08055	0	0.442325	0.442325	0.003625	0.01035	23.43668507	42.25459904	34.30871589	0	0.1	26.07317125	0.000363941	0.031380913	2.7018	2.143780261	29.20825		2201.919	174.2564964	0.000253913	0.093819	0.0492725	0.5555555	0.0649145	0.034225812	0.132811344	50.96177546	85	17.282	35.552	0.288936667	228.2469333	2.3848	0.688737745	0.760475919	0.652228917	-2.875272907	-2.805016883
67	-31.85822189	14.15447515	0.006				8.025701	17.005393	0.0107	0	0.0177	0	0.0009	0.0032	0	0	0.0107	0	0.0177	0	0	0	0.0011	0.0016	0.0014	0.0015	0.0011	0	0	0	0.0017	0.0017	0	0.0355	0.0355	0.0077	0.0016	83.58843822	7.492380346	8.919181431	0	0.165	39.172722	0.000392081	0.029591877	2.7018	8.325894979	38.23335		2753.3785	535.47914	9.54425E-05	0.056813	0.0602185	3.75	0.747315	0.200164781	0.572640724	25.12705437	18	13.5941	35.01195	1.17663	243.2098333	1.099335	0.652419296			-3.006478996	-2.833533034
68	-30.1286181	4.402992241	0.27875	0.3825	3.578375	2.8035	8.067297	13.757896	0	0.0428	0.01035	0.003425	0.024425	0.0229	0	0.001725	0	0.0428	0.01035	0.003425	0.003875	0.000825	0.05705	0.005275	0	0.00025	0.039725	0	0	0	0.045625	0.045625	0.06595	0.167125	0.233075	0	0.01245	9.217856679	47.3370907	43.44505262	0	0.565	39.0858684	0.000485607	0.016300059	5.91167	0.177777324	50.94343333		441.138	58.39044794	0.00020116	-0.039452	0.066727	35.6666665	0.803026	0.096364432	0.562203781	52.23331451	159	15.886625	35.6619	0.6942125	238.2515	1.15157	0.337296908	0.330166791	0.118078031	-2.691504193	-2.706394042
69	-21.97169747	-0.751662025	0.014	0.22075	0.05175	1.6485	8.073648	12.68267	0	0.025	0.008375	0.001425	0.01425	0.015875	0	0.00235	0	0.025	0.008375	0.001425	0	0.000925	0.04385	0.00445	0	0.00145	0.0641	0	0.001	0	0.033775	0.033775	0.07685	0.1175	0.19435	0	0.013825	8.958652374	38.17494616	52.86640146	0	0.885	41.73294467	0.000695375	0.016037605	1.43848	0.187285966	31.9549		475.34	55.41097832	0.000238815	-0.069366	0.030075	32.472222	0.0348	0.016175488	0.075065836	65.5077095	26	18.1153	36.0311	0.20493	227.6788	-2.3077	0.769033651	0.87406538		-2.582944132	-2.47994814
70	-18.38801581	-4.340447826	0.04575	0.577666667	6.9915	3.015666667	8.0142625	16.205793	0	0.045375	0.01225	0.00355	0.027775	0.02785	0	0.007575	0	0.045375	0.01225	0.00355	0	0.001775	0.0767	0.007	0	0.0032	0.03905	0.003125	0.001175	0	0.04705	0.04705	0.046375	0.170175	0.21655	0	0.010725	12.57190338	50.95200295	36.47609367	0	0.91	42.35617	0.001015697	0.014063927	1.43848	0.175420264	44.44218		475.34	60.61495145	0.000247337	0.007134	0.036064	0		0.014220097	0.090689424	66.40466531	110	19.7938	36.54645	0.259476667	219.1511333	0.28678	0.331948135	0.235561765		-2.631124037	-2.664779054
71	-9.140332778	-11.75443611	0.011	0.565875	6.497125	3.544625	7.984164	17.87674	0	0.0185	0.006483333	0.00095	0.01335	0.013933333	0	0.003583333	0	0.0185	0.006483333	0.00095	0	0.00115	0.053883333	0.00705	0	0.000716667	0.063683333	0	0.0008	0	0.00865	0.00865	0.0772	0.098383333	0.175583333	0	0.012775	9.301136922	49.08543844	41.61342464	0	0.333333333	48.60474286	0.001252873	0.012068701		0.069490915	34.474375		322.113	31.11512804		0.005728	0.056005	0		0.011214706	0.086470391	91.45952606	94	19.7174	36.5279	0.190953333	205.9055333	-1.281666667	0.132273751	0.127155956		-2.822616574	-2.820023101
72	-9.202783862	-18.72229974	0.006	0.685375	8.991875	5.2545	7.983368	17.6084775	0	0.020175	0.005475	0.001625	0.01345	0.01445	0	0.005225	0	0.020175	0.005475	0.001625	0.00025	0.001	0.04365	0.003925	0	0.000775	0.06765	0	0.000925	0	0.013125	0.013125	0.0845	0.098025	0.182525	0	0.016875	10.12421235	41.93877962	47.93700803	0	0.05	51.52785786	0.001255059	0.013284276		0.049947411	22.51796667		328.1285	28.24514389	6.08979E-05	0.019754	0.069938	0	0.02462	0.012871029	0.068134891	94.878125	76.33333333	25.01725	36.5931	0.083277	200.05	-0.90648	0.084646617	0.074787031		-3.062380529	-3.07832503
73	-14.28840761	-26.70554565	0.006125	0.63625	8.1685	4.71375	7.755053	31.866594	0	0.007325	0.002575	0	0.00525	0.00515	0	0.002075	0	0.007325	0.002575	0	0	0.0007	0.020925	0.00255	0	0	0.045825	0	0.0006	0	0.005675	0.005675	0.02915	0.051025	0.080175	0	0.006275	8.110841361	36.04632823	55.84283041	0	0.155	55.83666225	0.001139876	0.015481564		0.026452164	17.87106667			24.17009521	0.000110833	0.023503	0.047207	0		0.006088801	0.035099579	122.9790103	36.5	22.73535	36.97925	0.0397405	200.8206		0.069798736	0.050073317	0.034322191	-3.148582293	-3.10963497
74	-17.26490789	-31.241	0	0.52255	6.205159	3.2953935	8.0190995	14.7059405	0	0.00345	0.000975	0	0.002275	0.0019	0	0.000675	0	0.00345	0.000975	0	0	0.000075	0.008925	0.001125	0	0.000075	0.01615	0	0	0	0.00105	0.00105	0.00985	0.0198	0.02965	0	0.00185	7.802268745	42.0623276	50.13540365	0	0.365	51.44673767	0.000944773	0.014837256		0.022377919	17.03433333			21.65459109	0.000111107	0.020296	0.079505	0	0.021073	0.00579106	0.035679438	125.8102198	17.5	23.20943333	37.11193333	0.029821367	200.7133	0.39541	0.085230624	0.051387716		-3.322822879	-3.256502599
75	-19.75398571	-34.18978831	0	0.39498	4.598342	2.293975	8.0394005	13.381881	0	0.0043	0.0013	0	0.0033	0.00255	0	0.0007	0	0.0043	0.0013	0	0	0	0.0092	0.00115	0	0	0.01715	0	0	0	0.0012	0.0012	0.0128	0.0245	0.0373	0	0.00345	8.820769471	41.25430091	49.92492962	0	0.555	49.1777435	0.00081731	0.012973253		0.039039245	16.1786		191.757	24.61178017	9.30798E-05	0.0554145	0.0725245	0	0.0214	0.005042447	0.043158255	134.4980087	25.66666667	24.15423333	37.35526667	0.0281557	199.8135	0.248306667	0.178237426	0.212083268		-3.340781996	-3.279116275
76	-21.41871602	-36.29164031	0.0012525	0.270681	2.9139545	1.7071565	8.0629575	12.550641	0	0.004025	0.00245	0	0.002775	0.00295	0	0.001125	0	0.004025	0.00245	0	0	0.00015	0.00935	0.001825	0	0.0005	0.02225	0	0.00015	0	0.002025	0.002025	0.015525	0.02895	0.044475	0	0.00355	12.76001949	33.62486315	53.61511736	0	0.556666667	53.77938171	0.000790921	0.012232688		0.046220334	15.324		195.2895	26.4758108	9.00413E-05	-0.0299455	0.0365545	8.763889	0.022285	0.006378672	0.046665025	112.7611801	34.5	23.066575	37.213825	0.03855	204.210625	0.240239333	0.051869046	0.054680769		-3.206440765	-3.192458522
77	-27.70135	-43.5263378	0.004375	0.311875	3.64225	1.827375	8.060278	12.789518	0	0.0054	0.0044	0.00015	0.0036	0.004125	0	0.0013	0	0.0054	0.0044	0.00015	0	0.00045	0.0097	0.002625	0	0	0.03155	0	0.000075	0	0.0024	0.0024	0.023075	0.03675	0.059825	0	0.00495	15.51454549	27.42891338	57.05654113	0	0.16	54.38392533	0.000833763	0.015112371		0.067382845	17.4492		352.555	33.49191952	0.000141283	-0.045232	0.0968535	11.652778	0.028151	0.008016211	0.063490396	96.28122711	39	21.8827	36.9886	0.040949	208.5922	0.45275	0.190439531	0.20971668		-3.048799703	-2.982243928
78	-30.74889222	-43.88559281	0	0.123625	1.702	0.908375	8.08313	12.4008095	0	0.0049	0.00495	0	0.0028	0.00325	0	0.000975	0	0.0049	0.00495	0	0	0.0003	0.006825	0.0028	0	0.00125	0.021725	0	0	0	0.002625	0.002625	0.015575	0.0357	0.051275	0	0.00315	20.84822849	25.91039822	53.24137329	0	0.04	54.45910429	0.00093194	0.024162095		0.132303147	21.49372857		352.555	50.18298674	0.000179112	0.053558	0.14819	5.777778	0.03057475	0.0082537	0.063498227	97.61204224	49	20.81295	36.737925	0.0416315	215.752725	-0.026786667	0.084560117	0.093839386	0.0899109	-3.060131863	-3.019264864
79	-37.13066944	-53.91780139	0.00925	0.316375	3.527625	2.200125	8.0866235	13.096546	0.00075	0.016575	0.0081	0.0018	0.011275	0.0106	0	0.005975	0.00075	0.016575	0.0081	0.0018	0.003575	0.00115	0.026175	0.0054	0.000425	0.001125	0.0173	0	0.000375	0	0.01685	0.01685	0.007775	0.1045	0.112275	0.0011	0.0052	21.79875495	43.16583508	35.03540997	0	0.42	55.59382257	0.001205074	0.053155054		2.411111951	19.29513333			189.6262394	0.000433745	-3.547166	0.133847	15.416667	0.0453062	0.026008098	0.092889625	61.88477478	23	17.5077	35.9745	0.1346405	231.59845	-0.56957	0.306333783	0.303987198		-2.862809561	-2.84931018
80	-41.31980888	-52.08147027	0.0195	0.4885	6.21375	2.961	8.0733705	13.770333	0.003125	0.0154	0.03885	0.001	0.01515	0.015225	0.00225	0.0019	0.003125	0.0154	0.03885	0.001	0.0016	0.000825	0.0243	0.006975	0.0009	0.002175	0.0254	0	0.000375	0	0.014425	0.014425	0	0.172225	0.172225	0.001475	0.00685	43.97423117	28.15743705	27.86833178	0	0.28	53.28828433	0.001141055	0.125227903		0.312983527	28.93805			71.06565772	0.000287927	-1.9054195	0.1147645	10.2083335	0.04471375	0.021686741	0.115809037	65.30213089	28	18.84195	36.0809	0.1863555	224.68375	-1.5561	2.118897555	1.910103832		-2.531559991	-2.480015223
81	-44.96929379	-53.17157451	0.05875	0.8655	11.036	2.796	8.0976025	15.065844	0	0.00135	0	0	0	0	0	0	0	0.00135	0	0	0	0	0.00035	0	0	0	0.00095	0	0	0	0	0	0	0.00495	0.00495	0	0	0	52.88350634	47.11649366	0	0.066666667	56.3112254	0.000673335	0.139961891		0.627580211	31.2261		750.169	121.7007463	0.000580403	-0.1038105	0.148902	2.5	0.0895195	0.039809033	0.137192322	39.05642557	31	13.49635	34.9864	0.280405	255.3773	2.3515	1.865014189	1.633255473		-2.607040047	-2.496469157
82	-48.32974726	-59.18673767	0.10975	1.738625	23.6325	10.599																																			0	0.273333333	54.05602178	0.00016186	0.191816597		0.581594584	53.32896667		763.4865	114.5583998	0.001269425	0.0640935	0.101061	0	0.0606695	0.030394893	0.129533732	48.75906868	34.25	10.30055	34.599625	0.29779	279.680725	9.464375	11.3141379	5.154786101		-2.477991426	-2.293653919
83	-56.14687895	-63.76431447	0.2025	1.215	11.28	1.153	8.092944	16.360052																																	0	0.39	42.59640967	0.000020882	0.177346751		1.703746824	54.41055		132.631	140.8417141	0.000287123	-0.2050275	0.041442	0.986111	0.0728515	0.029600589	0.132928946	46.55527782	37.5	7.10475	34.21285	0.315175	303.98415	16.57725				-3.472439917	
84	-60.76436183	-57.80141237	0.179	2.0625	29.22	31.8275	7.875904	33.468561																																	0	0.02	41.64114914	0.000230145	0.052289938		0.1644858	39.5282		121.756625	52.80307735	0.000308696	-0.2472585	0.054322	10.875	0.040480667	0.128963052	0.106670528	47.19969781	57.5	3.93647	33.50815	0.193195	315.98685	18.1249	4.831998692	3.702728685		-2.031759235	-1.921531187
85	-62.43000855	-49.83899587	0.062	2.298	31.18	82.13			0.0155	0.00375	0.02675	0	0.0105	0.01855	0.0076	0.0016	0.0155	0.00375	0.02675	0	0	0	0.0732	0.0224	0.00235	0.004	0.00225	0	0	0	0	0	0	0.09175	0.09175	0.0015	0.002	29.05156437	69.54213453	1.406301101	0	0.126666667	32.23005122	0.000419595	0.007109276	0.98763	0.166380635	50.41776		110.535625	53.50835609	0.000115452	-0.0081175	0.032163	9.888889	0.0426845	0.017927356	0.085958223	68.91755486	50.66666667	0.33294	34.3003	0.108192667	342.6474667	27.2079					
86	-64.25842741	-53.58945259	0.059	2.44325	30.6125	62.84	8.1519125	19.0116645	0.00945	0	0.039225	0	0.007075	0.0239	0.003225	0	0.00945	0	0.039225	0	0.002675	0	0.0398	0.0078	0	0.00165	0	0	0	0	0	0	0	0.1132	0.1132	0.001	0.001575	52.24898621	47.75101379	0	0	0.58	28.9988456	0.000205802	0.07727117			51.1386					0.0009045	0.04434	0.75			0.129054081		12	-1.5265	34.1234	0.22949	397.3375	19.325	20.57364304			-2.085769552	-1.965572217
87	-63.71375373	-56.33395896																																							0	0.915	34.764731	0.000015519	0.132956176		0.234534785	275.6519					0.005717	0.025057	2.0833335															
88	-61.5085471	-60.23382536	0.145	2.135	27.68	48.17	8.075765	23.479237																																	0	0.65	35.4253615	0.000008565	0.117325139		0.22178824	504.2623			49.09059143	0.000397044	0.641371	0.053576	1.3333335		0.012720047	0.247910754	61.40335083	70.5	-0.63709	34.50875	4.7397	361.19485						
89	-52.20301667	-70.23849565	0.243	1.609	22.01	3.293	8.1004	17.224289																																	0	0.4225	35.287386	7.5655E-06	0.068254325		0.135806555	344.1124			47.04702059	0.000374099	0.3252995	0.067171	0		0.012720047	0.125193319	61.40335083	130	-0.79451	34.6058	1.9981	334.9752						
90	-37.77361103	-75.66450956	0.01	0.409	0.034	0.205	8.09341	12.341555																																	0	0.655	44.518707	4.7085E-06	0.034126469		0.304311276	161.6661			169.591011	0.000729404	-0.0360265	0.0255615	5.5555555	0.0325	0.018260972	0.09382615	72.60179758	75	7.543095	34.342	1.90665	284.1927						
91	-34.00680365	-72.72404307	0.069	0.724	0.559	0.432	8.074324	12.899881																																	0	0.395	45.120315	4.7575E-06	0.060771782		3.233922392	96.3024			320.9575933	0.000662299	-0.081281	0.0119665	5.5555555															
92	-33.80725714	-72.35224	0.039	0.795	0.11	0.49	8.114713	11.721928																																	0	0.395	42.7529	4.6165E-06	0.05696133	1.82307	3.23200208	36.5376		1547.255	390.6823669	0.000637559	0.061918	0	1.625	0.103364	0.037545189	0.204301812	37.32671928	22	17.4578	34.5349	1.8219	228.6961						
93	-33.80345286	-75.24604108	0.046	1.16075	11.00175	0.8005	8.092858	12.065853	0.00235	0.0114	0.02595	0	0.01585	0.02605	0	0.02885	0.00235	0.0114	0.02595	0	0.0019	0.0014	0.02615	0.00675	0.0015	0.0011	0.0057	0	0.0004	0	0.01735	0.01735	0	0.2897	0.2897	0.0124	0.00895	56.07501052	27.65033311	16.27465637	0	0.656666667	40.98098329	4.2565E-06	0.023250397	2.0312	0.617651879	30.2321		1143.683333	124.3841201	0.000631371	0.042707	0.05823	2.472222	0.625729	0.092593484	0.356517367	25.58159161	11	15.2211	34.5631	4.9338	243.3753		3.245649664	1.055995412		-2.642666409	-2.592616096
94	-32.18787857	-90.13221122	0.010375	0.77625	8.8235	3.4995	8.052847	12.378079	0	0.0075	0.001475	0.002175	0.00725	0.00835	0	0.0036	0	0.0075	0.001475	0.002175	0.000525	0.001475	0.015075	0.0015	0	0	0.025275	0.003025	0.0006	0	0.025425	0.025425	0.039425	0.062675	0.1021	0.00165	0.0075	9.373311458	28.51683384	62.1098547	0	0.97	44.414795	7.9265E-06	0.008675061	2.08828	0.062958416	37.3068		389.625	31.64219894	0.000148614	0.0068685	0.037189	2.5416665	0.0620025	0.036480396	0.118631542	60.26172447	37.5	16.856	34.5053	0.32599	229.15355	-0.397815	1.576823787	0.879118244		-2.726445357	-2.732239665
95	-30.56988696	-97.55905435	0.002375	0.581625	6.2290625	2.2405	8.005417	15.66852	0	0.003875	0.000875	0.00025	0.00435	0.005775	0	0.0022	0	0.003875	0.000875	0.00025	0	0.0005	0.011925	0.000925	0	0	0.0181	0.00145	0.0004	0	0.014225	0.014225	0.027875	0.0408	0.068675	0	0.003525	8.539984243	32.50147725	58.95853851	0	0.83	44.98334033	0.000079999	0.010955174	1.68278	0.026659874	35.0262		77.9266	22.21524358	0.000161529	0.0189185	0.036422	1.6944445	0.032487	0.01140207	0.075527529	82.87959671	44	16.0405	34.5044	0.066985	218.8999	-0.7602	1.839197638	1.129252366		-2.524862859	-2.455289089
96	-29.42467007	-102.233212	0.0015	0.56625	6.2851875	2.450875	8.028524	12.400552	0	0.00255	0.00065	0	0.002225	0.0033	0	0.000775	0	0.00255	0.00065	0	0	0	0.006325	0.000575	0	0	0.0095	0	0.000075	0.00045	0.00945	0.0099	0.0169	0.022	0.0389	0	0.003075	6.90380882	30.6672737	62.42891748	0	0.573333333	43.3711146	0.000193251	0.0093024	1.68278	0.01320946	19.53747143		77.9266	17.49137104	0.000288298	-0.1006715	0.036668	45.375	0.0210315	0.003554345	0.041998242	138.203659	32.66666667	17.3338	35.183575	0.07012425	207.499025	-0.2004525	1.726034635	1.096430324		-2.654033979	-2.576138682
97	-27.88069056	-108.0398675	0.007333333	0.3040625	2.489	0.7826875	7.969781	18.273744	0	0.001725	0.00055	0	0.00125	0.00255	0	0.000625	0	0.001725	0.00055	0	0	0	0.0051	0.000475	0	0	0.00845	0	0.000225	0.002175	0.003025	0.0052	0.018075	0.018125	0.0362	0	0.0023	7.794086515	33.31098723	58.89492626	0	0.188	42.651083	0.000235486	0.008200651	1.84413	0.014945122	15.560275		78.4074	17.84990485	0.000262	-0.127889	0.022712	45.375	0.019216	0.002777774	0.035211832	145.6211777	52	18.95046667	35.6373	0.049204333	203.1534333	-0.138646667	0.727752208	0.783558701		-3.255348284	-3.266293963
98	-25.38676893	-111.0938007	0.00075525	0.34696875	4.259555667	1.3753855	8.0064615	14.357026	0	0.001333333	0.00055	0	0.001116667	0.002033333	0	0.00095	0	0.001333333	0.00055	0	0	0	0.003683333	0.000616667	0	0	0.011366667	0	0.0003	0.00055	0.00275	0.0033	0.006783333	0.016583333	0.023366667	0	0.000983333	10.38402056	25.25796395	64.3580155	0	0.11	41.98480125	0.000118869	0.011584303	1.640765	0.015936808	13.5810625		90.1893	18.05990019	0.000249005	-0.0033395	0.0398865	4.1666665	0.020258	0.002361817	0.036154301	146.3027611	61	20.48086667	35.9537	0.0062352	200.6012333	0.17775	0.125460097	0.154040154		-3.460902721	-3.537673615
99	-18.17841613	-101.6466849	0.007375	0.794375	6.842	4.29825			0	0.000825	0.000275	0	0	0.001025	0	0.000275	0	0.000825	0.000275	0	0	0	0.002525	0.0003	0	0	0.016425	0	0	0	0.0012	0.0012	0.01175	0.00985	0.0216	0	0.001475	3.95491751	17.82645281	78.21862968	0	0.605714286	45.05918765	0.00000393	0.01680355	1.67784	0.105114877	34.47426667		264.950375	42.34194848	0.00022361	0.006757	0.0481335	7.1666665	0.02247	0.002696061	0.041054978	143.7847233	39.5	20.30423333	35.88583333	0.03569	202.7101667	-0.81944	0.119350081	0.137128684		-3.34077547	-3.305388911
100	-12.31835607	-95.09176408	0.139125	1.37125	14.1205415	10.0165415			0	0.0063	0.00285	0.0020375	0.005225	0.0075	0	0.00235	0	0.0063	0.00285	0.0020375	0	0.000475	0.0139375	0.0012625	0	0	0.0127	0.000925	0.00025	0.0449125	0.0182	0.0631125	0.0415375	0.0565875	0.098125	0.002525	0.015625	7.19506002	19.53384706	73.27109292	0	0.941428571	42.45757077	3.73567E-06	0.027091569	1.13119	0.200351565	37.71595714		460.4045833	63.96371981	0.000306057	0.019472667	0.023439	2.814814667	0.032989667	0.010414852	0.074084151	79.89339938	52.33333333	20.50243333	35.7289	0.269516667	202.2786	2.465366667	1.194019584	0.837311044		-2.830683356	-2.760410228
101	-5.2529	-85.1545																																							0	0.85	47.5668	0.000004398	0.034300595	1.13119	0.307798102	35.1383		598.95	85.90293503	0.000337211	0.043188	0.012324	0											2.641166676	2.238418632		-2.527092942	-2.490111847
102	-4.729097194	-85.11930128	0.2238335	2.246125	30.7081665	22.4886665	7.8281295	25.1731935	0	0.0044375	0.0048875	0.00545	0.0084875	0.0098125	0	0.0018125	0	0.0044375	0.0048875	0.00545	0.0006125	0.002825	0.0160875	0.00165	0.000125	0	0.0308375	0.0021	0.000625	0.013275	0.05315	0.066425	0.0340125	0.1009375	0.13495	0.0022875	0.0118125	7.550608137	17.63107363	74.81831824	0	0.473333333	50.58232671	5.01075E-06	0.040185876	1.13119	0.468447011	31.40834444		598.95	89.29821434	0.000328556	-0.045571	0.0591965	3.388889	0.049	0.021015704	0.110617228	58.47047043	23	18.18353333	35.09143333	0.442373333	205.2141	12.1003	4.924221063	3.674937421		-2.542204063	-2.468886042
103	-0.0283	-84.5862																																							0	0	52.09342	0.000004387	0.041996677		0.167023093	34.1044			52.97491837	0.00013555	-0.04145	0.138825	4.166667											3.905265974	2.948716126		-2.627790779	-2.565384647
104	-0.0283	-84.5862																																							0	0	52.09342	0.000004387	0.041996677		0.167023093	34.1044			52.97491837	0.00013555	-0.04145	0.138825	4.166667											4.453468065	3.642050849		-2.689482617	-2.625968182
105																																																																		4.025448142	3.623013053		-2.649527337	-2.598292846
106	0.273601067	-84.6003232	0.1260105	1.202224	15.52635575	12.861849	7.882094	22.6367055	0	0.009933333	0.004683333	0.00205	0.009075	0.008033333	0	0.002583333	0	0.009933333	0.004683333	0.00205	0.0004875	0.001183333	0.017558333	0.002658333	0	0	0.024075	0.0009	0.000408333	0.037366667	0.023083333	0.06045	0.030316667	0.073458333	0.103775	0.001883333	0.008991667	8.69921443	21.88451848	69.41626709	0	0.185	47.67941325	4.6905E-06	0.040327071		0.168088035	31.18395		478.5445	53.06042881	0.000137927	-0.022022	0.0719255	3.125	0.049548	0.017769911	0.106153981	69.08471426	16.5	20.2018	35.0649	0.25419	200.437475	9.1057	3.273496208	2.491468114		-2.827316225	-2.766837862
107																																																																		3.279690682	2.433970191		-2.698913026	-2.657298839
108																																																																						
109	1.507799718	-84.56554802	0.072375	0.64075	6.448	5.792916667	8.021784	10.944395	0	0.014466667	0.008583333	0.011166667	0.016433333	0.0239	0	0.00685	0	0.014466667	0.008583333	0.011166667	0	0.006316667	0.04505	0.0034	0	0.0001	0.079833333	0.007833333	0.001683333	0.016683333	0.05565	0.072333333	0.1053	0.18835	0.29365	0.0037	0.020933333	9.639374326	27.58649457	62.7741311	0	0.76	39.051249	5.2435E-06	0.040592255	1.4944	0.215109594	34.36545		492.6568333	67.01446152	0.00023864	0.0148515	0.0348855	1.0416665	0.043346	0.017101927	0.100963125	70.2766676	14.4	21.8178	35.09295	0.284378333	197.0699	2.94703	1.815437724	2.047681105		-2.81197674	-2.780672184
110	-3.817381006	-86.65631145	0.277916667	1.158958333	14.05008333	9.833	7.6390795	41.3112665	0	0.0219	0.02075	0.003383333	0.0212	0.027083333	0	0.007216667	0	0.0219	0.02075	0.003383333	0	0.002083333	0.049483333	0.004966667	0	0	0.0386	0.00175	0	0.00145	0.046416667	0.047866667	0.049233333	0.147016667	0.19625	0	0.00845	20.59345513	36.8224709	42.58407397	0	0.391666667	45.17770975	0.00000425	0.027801305	1.4242	0.201654142	40.32373333		544.47775	63.01652177	0.000233069	-0.021735	0.041763	17.152778	0.052479	0.018059755	0.112833438	62.72267183	24.5	22.49195	35.12035	0.38976	191.5074	8.11345	3.289457363	3.145162084	2.794382392	-2.832355935	-2.767927202
111	-17.71401105	-103.2552867	0.0469375	1.048875	10.4785	7.194	7.927835	23.288596	0	0.0089	0.0025	0.0018	0.0093	0.0089375	0	0.00285	0	0.0089	0.0025	0.0018	0	0.00035	0.0207625	0.00125	0	0	0.0198375	0.0006625	0	0	0.0271	0.0271	0.032025	0.0456875	0.0777125	0	0.0049625	9.260586344	36.19451712	54.54489653	0	0.2225	31.72492117	0.000080254	0.009656218	1.29183	0.081342803	31.16837692		304.613	35.61623961	0.000191888	-0.0981655	0.029447	22.6944445	0.0414446	0.011880373	0.090985872	78.16964746	45.25	22.599575	35.631875	0.3360825	200.6927	2.69565	0.521502868	0.304694574	0.182207063	-3.035577536	-3.054908272
112	-23.21886056	-130.1812132	0.006625	0.3525625	2.134333333	1.154083333	7.90518	19.118601	0	0.00205	0	0	0	0.002133333	0	0	0	0.00205	0	0	0	0	0.005033333	0.000575	0	0	0.02385	0	0	0.0026	0.002766667	0.005366667	0.026833333	0.01455	0.041383333	0	0.003283333	0	21.5181062	78.4818938	0	0.958	29.36752388	0.00014586	0.005655671	0.840496667	0.041879225	15.82246667		120.5318333	26.2598045	0.000165104	-0.09643	0.035095	6.6527775	0.02274	0.004548871	0.053811044	119.7936083	123	23.96606	36.5256	0.04670874	203.0247	1.5478375	0.04214035	0.034212495	0.012948	-3.691885551	-3.822425305
113	-23.12632658	-134.9307101																																							0	0.39	27.349518	0.000136731	0.004963625		0.194400956	10.0736			70.71096929	0.000686629	-0.047055333	0.031083333	5.314814667	0.022558	0.004093334	0.04685672	124.3603706	138	24.3099	36.6285	0.026572	201.1099	0.87996				-3.9978565	
114	-23.23190682	-134.9560136																																							0	0.046666667	27.807395	0.000138129	0.005523346		0.104026841	1.94365			47.44641781	0.000440634	-0.0515355	0.0294575	19.611111															
115	-23.22151136	-134.9686386																																							0	0.005	28.03648	0.000139327	0.005991011		0.195665486	2.1569			68.94278717	0.00058788	-0.0487795	0.0264525	36.7083335															
116	-23.1570625	-135.01961																																							0	0	28.03648	0.000140383	0.005991528		0.247609574	3.53225			79.00179863	0.000641003	-0.0440935	0.024121	46.8333335															
117	-23.13054857	-134.99906																																							0	0.106666667	29.338277	0.000140437	0.005842786		0.232917383	5.22165			54.03551197	0.000424203	-0.030481	0.040935	28.166667															
118	-23.02314872	-134.9217923																																							0	0.3	30.640074	0.000140491	0.005694044		0.123570686	3.01052			28.01496029	0.000167496	-0.0169355	0.0582665	9.555556															
119	-23.03332105	-134.9407368																																							0	0.47	29.836321	0.000142003	0.005533675		0.236789391	0.696885			27.82110786	0.000178399	0.0081665	0.050652	4.777778															
120	-21.99031282	-135.3394487																																							0	0.42	37.2487765	0.000072915	0.01774245		0.194318336	13.69451		300.345	41.59049606	0.000125815	0.0205265	0.036011	7.9166665															
121	-8.9971	-139.1963																																							0	0.2	45.464985	0.000002316	0.030111594		0.095593981	39.197		300.345	41.59049606	0.000125815	0.007751	0.028977	15.833333														-3.901834	
122	-8.977273714	-139.358158	0.1195	1.0458875	12.762125	7.2356875	7.5125005	48.805175	0	0.00555	0.00365	0.0035	0.0056	0.0102	0	0.00385	0	0.00555	0.00365	0.0035	0	0.00145	0.017	0.001525	0	0	0.041075	0.00245	0.000925	0	0.0424	0.0424	0.06015	0.073175	0.133325	0.00075	0.0088	9.42043187	20.96324473	69.6163234	0	0.082	45.93646814	2.2965E-06	0.027597342	4.081775	0.121371513	41.073925		389.24	45.42451183	0.000115813	-0.001876	0.0413755	8.458333	0.03193925	0.011138831	0.075720558	83.92639966	80.25	26.5562	35.5369	0.178795	186.584125	6.08805	0.827757382	0.602798636	0.256402	-2.888597633	-2.814211941
123	-8.933984488	-140.3226215	0.122625	1.0355125	12.723	8.733125	7.932004	19.5153425	0.00385	0.0129625	0.0127375	0.003325	0.0226125	0.019825	0	0.0057	0.00385	0.0129625	0.0127375	0.003325	0.0020625	0.0008875	0.045425	0.0050375	0.00105	0.0002	0.016325	0	0.001025	0	0.0436375	0.0436375	0.00245	0.2169	0.21935	0.002475	0.0076625	17.68893501	42.76924647	39.54181852	0	0.11	46.84791067	0.000002368	0.024135856	4.91362	0.286870796	36.6307375		501.196	75.89697266	0.00015439	-0.0057035	0.0486885	1.9305555	0.057583	0.02584992	0.107752136	55.01515389	102.6666667	26.58593333	35.52143333	0.295753333	190.3563333	4.1372	1.833769461	1.563225792		-3.146517853	-3.208618844
124	-9.080163139	-140.8894836	0.08875	1.5235	19.769875	14.08575	7.908068	20.047104	0.01185	0.01825	0.01081	0.010095	0.01778	0.02691	0	0.007905	0.01185	0.01825	0.01081	0.010095	0.00454	0.00453	0.062095	0.00541	0.00319	0.00046	0.10633	0.006305	0.0016	0	0.06603	0.06603	0.084785	0.32335	0.408135	0.00523	0.026665	9.712795435	32.0821328	58.20507177	0	0.463333333	43.37361867	0.000002409	0.020337136		0.23267001	35.24587		479.118	66.86029212	0.000148546	-0.002079	0.029029	1.388889	0.051903	0.020088428	0.107729174	60.62815667	90	26.5408	35.5679	0.28338	190.6959	4.8786	0.64514142	0.404295027		-3.415076803	-3.503265455
125	-9.388674138	-143.9342897	0.165625	0.5895	4.1975	2.0305	7.9475485	18.037154	0.0008	0.01295	0.004925	0.00475	0.0147	0.016775	0	0.005075	0.0008	0.01295	0.004925	0.00475	0.0002	0.0014	0.038275	0.003025	0	0	0.059925	0.0009	0.000725	0	0.051025	0.051025	0.08615	0.14075	0.2269	0.002825	0.013225	8.278899083	31.20249541	60.5186055	0	0.513333333	48.53466425	0.000002951	0.014566446		0.172346574	32.74247778		433.979	54.85434453	0.000151549	0.007263	0.035392	0	0.0438	0.015299579	0.095454169	68.00743256	99	26.79255	35.58505	0.28369	187.72495	5.62385	0.762414761	0.653988816		-3.178746461	-3.176819315
126	-9.582928283	-151.8078263	0.0285	0.7421875	7.27075	4.7378125			0	0.00885	0.003825	0.0024	0.007375	0.010025	0	0.0044	0	0.00885	0.003825	0.0024	0	0.001075	0.028875	0.00325	0	0.000225	0.04745	0.001375	0	0.0081	0.024075	0.032175	0.0618	0.0654	0.1272	0	0.0088	9.30237688	31.89927789	58.79834523	0	0.03	49.88813514	3.2985E-06	0.015534258		0.111040367	37.7569			44.16985798	0.000147405	0.008589	0.0475895	1.611111	0.035102	0.009630399	0.075107953	79.38051987	63	26.6334	36.178	0.16732	189.8357	-0.22059	0.286200833			-3.531143319	-3.177911615
127	-5.614209635	-152.6600694	0.1283125	0.9513125	10.861375	7.6215625			0	0.00445	0.001875	0.00225	0.004475	0.005475	0	0.0022	0	0.00445	0.001875	0.00225	0	0.001025	0.0135	0.001375	0	0.000125	0.0206	0.00155	0	0.00445	0.021775	0.026225	0.034025	0.049225	0.08325	0	0.004775	8.369445679	27.24266768	64.38788664	0	0.245	53.16588775	3.1995E-06	0.025920765		0.13394832	42.69098571		483.8265	52.07594261	0.000166872	0.033745	0.0771435	1.611111	0.034343667	0.011390263	0.077328995	85.19704103	66.4	26.8386	35.85724	0.224038	188.90228	2.954282	0.529428046	0.422128383		-3.192861064	-3.196341662
128	0.962307668	-153.6134722	0.2321665	0.7896332	8.9170584	6.2324	7.681198	43.623638	0	0.0134	0.00594	0.00198125	0.009975	0.012285	0	0.00335	0	0.0134	0.00594	0.00198125	0	0.00098125	0.02903125	0.00287	0	0.00015	0.02277	0.0015375	0	0.004785	0.01686875	0.02165375	0.03305625	0.07021875	0.103275	0	0.005525	13.62891842	43.2413096	43.12977199	0	0.735	50.6094462	3.3855E-06	0.022216623		0.150322291	37.79566		483.8265	59.53138945	0.000243341	0.035967	0.0804265	0.5416665	0.041784	0.01563254	0.090044765	74.52441788	54	26.322425	35.3668	0.316555	182.77085	3.50027	2.05214459	1.853518436		-3.151749222	-3.126885768
129	7.367014563	-152.9699168	0.0392295	0.8608125	9.5647705	10.6085205			0	0.005925	0.0023875	0.0016	0.00495	0.0066	0	0.0022875	0	0.005925	0.0023875	0.0016	0	0.0006	0.0204	0.0021625	0	0.00025	0.0155125	0.00065	0	0.00105	0.0171625	0.0182125	0.0227125	0.04465	0.0673625	0	0.00375	9.940976981	42.19910231	47.85992071	0	0.975	42.66595283	3.4375E-06	0.013035147		0.100359839	34.747975			40.63198132	0.000207664	-0.0891705	0.0728	1.347222	0.048274	0.012262002	0.101938459	79.41972351	59.75	26.0631	35.2873	0.248715	184.42825	-0.75544	1.801895317	1.390841173		-2.823318886	-2.81079672
130	16.59837879	-155.0206202	0.0085	0.8648335	11.742875	11.061521	7.950176	19.563787	0	0.006975	0.002	0	0.005525	0.007575	0	0.00255	0	0.006975	0.002	0	0	0.00055	0.0227	0.00245	0	0	0.04925	0	0	0.0112	0.0063	0.0175	0.069575	0.044375	0.11395	0	0.010625	6.565471789	32.00123829	61.43328993	0	0.525	47.50580567	0.000101196	0.014948607		0.058273018	26.1257			33.23229154	0.000245434	-0.114249	0.078647	0.8055555	0.029289	0.007773426	0.064782054	96.81519698	69	25.2311	34.8745	0.1205115	186.8404	-2.020825	0.592199747	0.609181417		-3.228966305	-3.291965086
131	23.869725	-158.1286086	0.005625	0.231255333	4.120625	6.0312585	8.0308665	13.3901675	0	0.010166667	0.004333333	0.0003	0.008	0.008533333	0	0.002616667	0	0.010166667	0.004333333	0.0003	0	0.000475	0.02305	0.003633333	0	0.000075	0.05485	0	0	0.02505	0.0055	0.03055	0.050016667	0.074533333	0.12455	0.001	0.012983333	8.121727143	27.2106936	64.66757926	0	0.2375	44.90640714	0.000506662	0.019081705		0.072475551	17.75941429		263.25375	33.07954366	0.000188301	0.0436045	0.050457	0	0.027839	0.006781681	0.061678509	95.81751632	33.66666667	25.0743	35.3006	0.042465333	193.2607333	-2.027433333	0.245295943	0.216515875	0.177505455	-3.195266208	-3.266211286
132	31.93302722	-156.1650883	0.002666667	0.213561333	4.3746665	5.975772			0	0.005466667	0.002816667	0	0.004116667	0.00575	0	0.002033333	0	0.005466667	0.002816667	0	0	0.0007	0.015033333	0.00255	0	0.00035	0.04345	0	0	0.002625	0.003366667	0.005991667	0.030366667	0.048083333	0.07845	0	0.00625	9.596177526	29.47636271	60.92745976	0	0.73	37.3277085	0.000489302	0.020998086		0.067245049	20.99294444		369.64625	31.35974897	0.000161523	-0.1655455	0.0435815	20.777778	0.0272305	0.006964403	0.07002282	101.6807795	43.75	20.077175	34.94235	0.041244	196.970475	0.5923625	0.421393088	0.543286167	0.146150059	-3.037071421	-3.019393216
133	35.03981499	-127.023109	0.007773667	0.780125	6.836541667	13.31220833			0	0.040483333	0.014183333	0.004283333	0.029266667	0.03495	0	0.01515	0	0.040483333	0.014183333	0.004283333	0.001766667	0.002633333	0.100483333	0.01425	0.001225	0.003333333	0.045233333	0.005	0.0008	0	0.041083333	0.041083333	0.047066667	0.199633333	0.2467	0.00295	0.011616667	15.65049251	53.92835813	30.42114936	0	0.496666667	24.6203185	0.000097571	0.02139461		0.242424332	27.64302		621.712	67.24042765	0.000323476	-0.72659	0.0386845	44.541667	0.053168	0.019866073	0.102601568	60.62220955	12	14.78213333	33.39446667	0.124659667	223.8840667	-0.582273333	1.325224198	0.980443023	0.809868786	-2.795708571	-2.783855174
134	32.83624286	-121.8881265	0.040169	1.0770935	11.8871875	18.7953745			0	0.07565	0.06325	0.01515	0.0496	0.0629	0	0.01505	0	0.07565	0.06325	0.01515	0.009	0.0058	0.1204	0.01355	0.00585	0.0013	0.0503	0.0064	0.00135	0.01275	0.0889	0.10165	0.07085	0.37905	0.4499	0.01085	0.02505	25.13597876	41.64069277	33.22332847	0	0.205	18.62533025	0.000032261	0.022925222		0.261407554	23.7281					-1.0713735	0.040663	44.5972225	0.053168	0.019931363	0.099818872	60.66641808	13	14.5572	33.3499	0.11001	222.818	1.6387	1.828710053	1.278367222	0.8673868	-2.741843842	-2.722154859
135	31.69011495	-121.5201658	0.040169	1.0770935	11.8871875	18.7953745			0	0.07565	0.06325	0.01515	0.0496	0.0629	0	0.01505	0	0.07565	0.06325	0.01515	0.009	0.0058	0.1204	0.01355	0.00585	0.0013	0.0503	0.0064	0.00135	0.01275	0.0889	0.10165	0.07085	0.37905	0.4499	0.01085	0.02505	25.13597876	41.64069277	33.22332847	0	0.155	24.51082575	4.31815E-05	0.017697232		0.298230277	20.13575			80.41851711	0.000265022	-0.871912	0.0592505	42.8472225	0.066039	0.03977011	0.120959621	50.278265	28.2	17.09728	33.63866	0.379534	226.74486	-1.0214572	1.075307149	0.612475054	0.935215143	-2.889046099	-2.880058149
136	16.24337901	-118.2570667	0.033075	1.6205625	12.535125	17.0701875			0	0.02565	0.011425	0.0027	0.02315	0.0231	0	0.00585	0	0.02565	0.011425	0.0027	0.000725	0.000975	0.053525	0.00515	0.00155	0.000175	0.036325	0.000675	0.0002	0.0828	0.030475	0.113275	0.067575	0.1477	0.215275	0	0.01835	9.826061437	31.41897037	58.7549682	0	0.41	37.520144	2.84855E-05	0.014430372		0.190881955	23.1195		446.388	58.17931104	0.000161442	-0.2566635	0.051773	22.013889	0.050467	0.018740444	0.10182225	65.79163361	23	24.2802	34.6922	0.25646	201.2685	-0.5937	0.393090405	0.381219691		-2.922299734	-2.763155139
137	13.43564843	-115.35832	0.1010125	1.520027667	15.38444433	16.2655	7.994835	12.327003	0	0.032458333	0.013025	0.009441667	0.031066667	0.0336	0	0.008866667	0	0.032458333	0.013025	0.009441667	0.001083333	0.002783333	0.062925	0.007483333	0.001583333	0.000883333	0.065783333	0.003275	0	0.052141667	0.071683333	0.123825	0.119433333	0.214841667	0.334275	0.0060375	0.0278375	10.12939899	30.26461734	59.60598367	0	0.705	39.69158863	4.4505E-06	0.014686363	1.776926667	0.281920697	33.65707143		393.3883333	71.70675892	0.000292442	0.03626	0.0262575	0	0.056447	0.017706293	0.105841865	63.00406075	19	21.14256	34.6024	0.306974	198.24454	1.9300858	0.762209504	0.923557637	0.358566	-2.82474432	-2.746295225
138	6.351001648	-102.0640799	0.0200165	1.3661665	14.7116665	18.6249585	7.954052	20.3579585	0	0.0182125	0.0067875	0.0008125	0.016625	0.0133375	0	0.00305	0	0.0182125	0.0067875	0.0008125	0	0.0006	0.031625	0.0037625	0	0.00025	0.0493375	0	0	0.0148125	0.0119375	0.02675	0.0654375	0.0812875	0.146725	0	0.0124	10.68167423	35.83804846	53.48027731	0	0.928	34.2550335	4.5965E-06	0.014758397	2.25678	0.093540328	21.29994286		280.8106667	35.38100433	0.000200333	-0.8770505	0.0246605	6.9305555	0.0642	0.01542724	0.109886278	67.82447281	21	20.80095	34.50015	0.173884956	196.68134	2.353934	0.819257175	0.546541926		-2.752412515	-2.759570009
139	6.730944253	-90.85033103	0.0902625	2.11925	26.433625	24.8374375	7.8841645	23.038742	0	0.04755	0.032575	0.013075	0.032575	0.03355	0.0037	0.01105	0	0.04755	0.032575	0.013075	0.00295	0.00345	0.0673	0.00495	0.00115	0.0002	0.047325	0.001775	0	0.025375	0.07125	0.096625	0.087225	0.203925	0.29115	0.00685	0.02925	20.3272082	33.97277974	45.70001206	0	0.455	27.49402633	1.96715E-05	0.017094907		0.243087105	28.75316667		456.336	70.19355392	0.000346121	-0.7485415	0.0145835	7.9305555		0.009762641	0.099994112	86.5267067	19.5	23.8542	34.5482	0.2398387	179.54725	2.1138	0.699159269	0.568772879		-2.760059103	-2.75545875
140	8.120710692	-79.52459371	0.010925	2.085775	27.271375	22.8035	7.957881	20.089091	0	0.019475	0.045325	0.003225	0.018975	0.020725	0	0.004275	0	0.019475	0.045325	0.003225	0.005175	0.00145	0.0307	0.004975	0.000275	0	0.012475	0.00165	0.000225	0.0217	0.0312	0.0529	0.031925	0.177825	0.20975	0.0042	0.0159	38.83957765	25.52998591	35.63043644	0	0.235	36.39512	0.000706879	0.01293381		0.239275448	20.77036667		475.56275	69.86841965	0.000346671	0.254223	0	1	0.0595	0.017785107	0.111657938	60.5803833	14.66666667	23.6186	33.3828	0.398584667	188.6905667	0.438233333	4.916057116	4.568789883		-3.170096871	-3.165035643
141	15.30523	-82.98900615	0.018175	0.432275	6.8431875	4.36125	8.0124265	14.1140095																																	0	0.842	33.34956011	0.001273584	0.008681155		0.206460891	17.92175		494.7895	58.24848484	0.000180005	-2.922481	0.022286	12.875	0.0595	0.01752183	0.083144741	61.32811356	10.5	22.7509	33.62945	0.096442333	201.8093333	-2.4116	9.540051483	5.728645424		-3.039862169	-2.956459368
142	25.81246581	-87.50445501	0.015416667	0.163708333	2.446416667	1.856	8.049072	12.2008475	0	0.0306	0.01695	0.00085	0.02425	0.02195	0	0.0022	0	0.0306	0.01695	0.00085	0.0015	0.0004	0.0584	0.0063	0.002266667	0.00055	0.0325	0	0.00045	0.0074	0.0098	0.0172	0.0514	0.1931	0.2445	0.0029	0.01695	17.02903921	54.38772968	28.58323111	0	0.8	27.02801491	0.001205108	0.007861667		0.163689895	20.70788		353.5895	54.05694403	0.00011425	-3.8150595	0.2216855	13.4166665		0.017611747	0.07955994	71.91767184	122	24.9722	36.361325	0.177694	195.17118	-0.124925	1.880168166	1.872989481	2.344279624	-3.534251719	-3.545764513
143	30.4808641	-78.99468936	0.02475	0.228875	4.5251875	2.2186875	8.0636195	11.661783	0	0.0132875	0.0050375	0.0004	0.0099	0.01095	0	0.00145	0	0.0132875	0.0050375	0.0004	0.0004	0.0006	0.0328625	0.00395	0.0005	0.00085	0.0262625	0	0.0004	0.0061	0.0041875	0.0102875	0.04375	0.0928375	0.1365875	0.00125	0.0109	10.29999606	52.56870042	37.13130352	0	0.318333333	21.86517143	0.001122404	0.00744645		0.196143437	14.43192			62.52205927	0.000123891	-1.3395875	0.324	1.472222	0.0399729	0.018846618	0.09114993	71.67666194	58.28571429	24.689925	36.3730875	0.125251375	195.5240875	-0.407594625	1.620678291	2.045695088		-3.81104191	-3.765624
144	36.86102918	-72.33796459	0.088	0.059625	1.537625	1.2089375	8.058124	12.967823	0	0.0254	0.011125	0.001025	0.01825	0.01725	0	0.002225	0	0.0254	0.011125	0.001025	0.001625	0.00045	0.044025	0.0046	0.002925	0.000125	0.0227	0	0	0.0096	0.012325	0.021925	0.044425	0.14685	0.191275	0.001275	0.01305	14.8162287	52.38770844	32.79606286	0	0.534	22.14854843	0.000948721	0.010820314		0.186703541	17.83588		481.9585	62.64886298	8.83423E-05	0.991773	0.196897	2.6666665	0.047644	0.02447997	0.101476744	69.62253274	61.66666667	23.53626667	36.47896667	0.124707333	199.7282333	-1.23497	1.919202734	2.222931577	1.342294278	-3.285187515	-3.250864864
145	38.49416232	-70.26766667	0.06575	0.6276875	8.4605	2.668625	7.882102	23.63622	0	0.01505	0.0528	0.0077	0.0146	0.0296	0	0.0032	0	0.01505	0.0528	0.0077	0.01655	0.00365	0.04585	0.0071	0.00975	0.0005	0.01065	0.0017	0	0	0.04565	0.04565	0	0.3214	0.3214	0.0069	0.01195	38.78716428	34.06501369	27.14782203	0	0.666	16.82210129	0.001000265	0.009385619		0.323431708	29.22208889		488.7515	86.50897064	8.63033E-05	-2.0528345	0.0962615	47.236111	0.060227	0.040233206	0.118763461	52.15952746	90	14.09746667	35.32936667	0.326523333	234.9927333	5.607333333	1.387707152	1.366915733	1.0764424	-3.191449046	-3.247674545
146	34.4598748	-70.51464228	0.17425	0.2175625	3.7906875	1.9733125	8.082644	12.569955																																	0	0.265	19.35580471	0.001091083	0.005984075		0.130448687	35.44191429		385.7925	49.35061264	0.000186145	-2.028705	0.0413505	45.5	0.060363333	0.031238038	0.108431839	60.69170516	133.6666667	16.28423333	35.90583333	0.23393	224.8621333	3.464753333	0.572148314	0.600980012		-3.383089646	-3.392976515
147	32.64464118	-65.92836882	0.189333333	0.031	1.3234375	1.010875	8.1013755	11.333903																																	0	0.1	25.9890264	0.001058753	0.006362274		0.151344038	38.9084		415.07	53.39067332	2.79829E-05	0.03639	0.0602785	0.6666665	0.0393	0.017177849	0.087335964	73.70062828	211.6666667	20.12395	36.74315	0.156446667	214.0637333	1.12012	0.474208141	0.488835548		-3.307482827	-3.363179709
148	32.89451516	-59.41080984	0.080875	0.0650625	1.541125	1.082375	8.094963	11.512676																																	0	0.29	31.33271943	0.000998614	0.009025329		0.205540285	29.24312		485.4285	66.42600187	0.000143193	0.1724995	0.082547	0.6666665	0.0430635	0.0231607	0.094330612	69.2568367	149.6666667	20.29596667	36.76146667	0.137	213.1825	0.1822	0.937198207	0.783165188		-3.726366876	-3.814837187
149	34.42278496	-47.50304675	0.136875	0.1933125	3.504	1.4139875	8.029182	14.686508																																	0	0.715	35.4151615	0.001042311	0.012355172	1.63013	0.244451742	35.46326667		573.1176667	68.56736064	0.000107051	0.121511	0.0761795	0.6944445	0.049307333	0.029677777	0.098896085	60.55370617	112	18.74025	36.58195	0.23323	220.37505	-0.987641	1.152893591	0.986681447		-3.569675879	-3.570354113
150	35.82513174	-35.95011672	0.0325	0.16375	3.0114375	1.822175	8.090792	12.896713																																	0	0.955	37.7933852	0.001200144	0.01724042	1.63013	0.212802447	23.79634		518.3741667	60.81105203	0.000188794	-0.0952	0.049474	19.486111	0.050903	0.026450255	0.104105494	61.98385175	90	17.55105	36.4791	0.19455	229.23895	-0.732085	0.499837768	0.538796304		-3.884051093	-3.870336211
151	37.3483977	-27.02208582	0.0153125	0.197125	3.167	1.681625	8.07392	13.7005535																																	0	0.381666667	33.0663505	0.001147136	0.021802409		0.29049626	26.51248333		447.0798333	66.64654055	0.000191232	-0.1255885	0.0299115	21.833333	0.046052667	0.023492253	0.086005891	71.97501755	54	17.26236667	36.40593333	0.135578	231.3068	-0.03865	0.864560116	0.747372438		-3.668869035	-3.736948641
152	43.75129077	-16.84934932	0.274375	0.243708333	3.669666667	1.715833333	8.0738645	14.5129645																																	0	0.038	30.93056311	0.00101877	0.024785862		0.297966019	40.58284545		484.369	96.96589749	0.000218033	0.0415115	0.049417	3.0416665	0.041085333	0.022228149	0.102245415	65.55348434	131.5	14.964125	36.215425	0.2583035	239.868275	2.70885	1.148365057	0.954326622	0.224050286	-3.554564378	-3.549004893
153	45.38931753	-16.42425909	0.1725	0.3455	5.2625	2.16925																																			0	0.3075	33.97506892	0.000734467	0.017100491		0.800485618	50.60248			173.8740238	0.000415336	0.1671305	0.083398	0		0.030968754	0.143902893	63.1545105	121.3333333	13.94763333	36.09836667	0.190296667	242.6436667	1.434113333	1.121075759	0.787891374	0.427975625	-3.697731927	-3.565258629
154																																																																		7.808813827	6.228031324	2.429985	-3.163434127	-3.123991528
155	56.04718889	-14.71547068	0.1894375	0.47907	9.16075	2.2952085	7.96075		0.0143	0.007275	0.05965	0.0011	0.0169	0.028475	0.00535	0.0015	0.0143	0.007275	0.05965	0.0011	0.0023	0.0008	0.018	0.011575	0.0023	0.001525	0.0014	0	0	0	0.008375	0.008375	0	0.176775	0.176775	0.0064	0.0046	70.28706983	21.83593447	7.876995692	0	0.658	41.3473537	0.000477562	0.010381768		0.257375691	55.81954	408.3687744		68.63937161	0.000282523	0.0991065	0.09184975	0	0.04681	0.016936379	0.128739992	68.12908936	65.25	11.679625	35.6589	0.45524	259.1845	4.11785	16.15583865	16.31108242		-2.387463975	-2.338627563
156	67.141	0.2355																																							0	0.23	27.483475	0.000599484	0.023701385		0.548190624	45.8727			114.9631805	0.000797054	0.189385	0.121118	0											26.77081657			-2.492993343	-2.398228939
157	67.141	0.2355	0.115	0.310998	4.9155	0.674716			0	0.031	0.1028	0.0073	0.0416	0.0906	0	0.0381	0	0.031	0.1028	0.0073	0	0.0074	0.133	0.0941	0.0444	0.0325	0.0286	0.007	0	0	0.0567	0.0567	0	0.7028	0.7028	0.0054	0.0249	40.80015279	42.38784882	16.81199839	0	0.23	27.483475	0.000599484	0.023701385		0.548190624	45.8727			114.9631805	0.000797054	0.189385	0.121118	0											16.29929628	16.8822059	15.371572	-2.546642515	-2.504353787
158	67.84643645	0.720435826	0.13725	0.5395775	8.440875	4.443939	7.89125		0.002075	0.009175	0.045	0.001925	0.019325	0.018225	0	0.004375	0.002075	0.009175	0.045	0.001925	0.008375	0.000875	0.018525	0.00405	0.00175	0.00055	0.0017	0	0	0	0.01275	0.01275	0	0.1572	0.1572	0.003525	0.00465	62.30074835	24.8670537	12.83219795	0	0.086666667	30.39005292	0.000761878	0.016713677		1.343882194	63.8019	920.9242249		152.8706839	0.000733652	0.0299835	0.0895145	1.5722222	0.074625	0.026923417	0.15685541	44.4408226	14	5.9846	35.2248	0.661733333	314.7787667	3.816866667	6.767967884	5.560521861	2.936221167	-2.551758701	-2.570253347
159	76.18061	1.31755	0.044	0.201166	1.767	0.724185			0.0056	0.0751	0.2709	0.0052	0.0652	0.1547	0	0.0577	0.0056	0.0751	0.2709	0.0052	0	0.0074	0.1201	0.161	0.0352	0.0483	0.0128	0.0047	0	0	0.0463	0.0463	0	0.9437	0.9437	0.0148	0.0282	64.25899652	27.72870439	8.012299089	0	0.01	33.79629	0.000874157	0.014557052		7.735256672	109.6568			374.5871506	0.000471166	-0.007624	0.058176	3.277778											1.024372259	1.056326422	0.08257	-2.918465614	-2.923809957
160	76.1825	1.3918	0.1575	0.382143	6.925	3.740291			0.011	0.1015	0.286	0.0068	0.103	0.2214	0	0.1449	0.011	0.1015	0.286	0.0068	0	0.0109	0.2022	0.1389	0.0536	0.0272	0.0129	0.0017	0	0	0.0574	0.0574	0	1.2258	1.2258	0.0142	0.0324	60.68917089	32.41172851	6.899100604	0	0.01	33.79629	0.000874157	0.014557052		7.650969982	109.6568			364.1092834	0.000462997	-0.007624	0.058176	3.277778											0.973639049	1.135359385	0.4692995	-2.942168588	-2.9645322
161	76.1825	1.3918	0.09	0.490558	7.65	4.411642			0.0076	0.1204	0.2812	0.006	0.1298	0.2553	0	0.2338	0.0076	0.1204	0.2812	0.006	0	0.0094	0.2811	0.2599	0.0637	0.0847	0.0128	0.0059	0	0	0.0563	0.0563	0	1.5499	1.5499	0.0105	0.0443	58.97051921	35.51768831	5.51179248	0	0.01	33.79629	0.000874157	0.014557052		7.650969982	109.6568			364.1092834	0.000462997	-0.007624	0.058176	3.277778											3.094672755	2.542421699	1.112343	-2.561048409	-2.622496598
162	76.1825	1.3918	0.0755	0.425809	6.912	2.796337			0.1454	0.0607	0.7072	0	0.4263	0.3721	0	0.0062	0.1454	0.0607	0.7072	0	0.0684	0	0.3053	0.0795	0.0042	0.0065	0.0011	0	0	0	0.0246	0.0246	0	2.1383	2.1383	0.0305	0.0251	69.69973295	28.51310507	1.78716198	0	0.01	33.79629	0.000874157	0.014557052		7.650969982	109.6568			364.1092834	0.000462997	-0.007624	0.058176	3.277778											2.434728364	1.173180196	0.67149	-2.427693299	-2.464086883
163	75.33818995	6.444256621	0.0795	0.6074925	8.913625	4.873215	7.96775																																		0	0.182857143	39.10518608	0.000591845	0.008341255		4.216512181	84.44667143	536.1796227		252.0341104	0.000595768	0.0472365	0.066221333	2.763888833	0.55042125	0.159906891	0.383039468	27.4028513	24.6	4.28832	35.21678	1.964978	330.45642	7.64758	2.019516413	1.377073888	0.549388333	-2.936623618	-2.949298438
164	72.5128	44.0775																																							0	0.37	42.681683	0.000430005	0.006979311		0.56983164	48.5056	533.646698		116.7825508	0.00057966	-0.011538	0.011037	1.222222											1.543306963	1.186323069	0.560874	-2.667351528	-2.705391423
165	72.5128	44.0775																																							0	0.37	42.681683	0.000430005	0.006979311		0.56983164	48.5056	533.646698		116.7825508	0.00057966	-0.011538	0.011037	1.222222															
166	72.5128	44.0775																																							0	0.37	42.681683	0.000430005	0.006979311		0.56983164	48.5056	533.646698		116.7825508	0.00057966	-0.011538	0.011037	1.222222											3.85672116	3.395281167	1.8319605	-2.782397173	-2.797626632
167	72.5128	44.0775	0	0	0.088	1.103231			0	0.0333	0.1451	0.0044	0.0228	0.0619	0	0.0351	0	0.0333	0.1451	0.0044	0	0.0189	0.0284	0.0467	0.0085	0.0195	0.0111	0.0025	0	0	0.0363	0.0363	0	0.4795	0.4795	0.004	0.0173	71.9546662	14.95919165	13.08614215	0	0.37	42.681683	0.000430005	0.006979311		0.56983164	48.5056	533.646698		116.7825508	0.00057966	-0.011538	0.011037	1.222222														-2.748372057	-3.392479
168	73.00604732	45.23056451	0.06325	0.1771635	1.8585	1.799244	7.9635		0.007375	0	0.158275	0.000525	0.039975	0.051125	0	0	0.007375	0	0.158275	0.000525	0	0.0049	0.039425	0.01165	0.0174	0.001275	0.005525	0	0	0	0.018075	0.018075	0	0.465075	0.465075	0.012075	0.01735	72.76780146	19.73027677	7.501921762	0	0.21	36.47750671	0.000850383	0.012431361		0.439070671	35.15845714	419.1870234		96.42593524	0.000469427	0.002128	0.022487	1.407407333	0.080459	0.040048383	0.146186931	43.63774262	17	4.9874	35.10395	0.271156667	297.166525	-4.367225	7.800128294			-2.523692025	-2.51937655
169	77.5925	58.63848333	0	0.019691	0.084	0.814374			0	0.0014	0.0273	0.0042	0.0052	0.0116	0	0.0032	0	0.0014	0.0273	0.0042	0	0.0023	0.0069	0.0196	0.01	0.0081	0.0127	0.0062	0	0	0.0284	0.0284	0	0.1596	0.1596	0.0014	0.0102	43.94363607	15.58591515	40.47044879	0	0.07	28.353964	0.001030204	0.008033745			14.4567					0.005689	0.019112	3														-2.640952758	
170	77.90645789	67.05802632	0	0.039877	0.093	0.65216			0	0.0041	0.019	0.0035	0.0071	0.0147	0	0.0014	0	0.0041	0.019	0.0035	0	0.0046	0.0356	0.0263	0.0032	0.0125	0.0076	0.0062	0	0	0.0263	0.0263	0	0.1936	0.1936	0.0017	0.0095	26.04726976	43.97989677	29.97283347	0	0.05	31.370692	0.001044142	0.004836264			15.4577					-0.0203585	0.009556	2.8055555	0.086424	0.042028971	0.136857469	42.11858368	12	4.5509	35.1506	0.24162	300.3598	-2.5966				-2.482506	
171	78.29566897	71.96297241	0.04	0.333926	3.1845	0.446242			0	0.0043	0.0076	0	0.01	0.0092	0	0.0041	0	0.0043	0.0076	0	0	0.001	0.0352	0.0189	0.0025	0.0079	0.0069	0	0	0	0.0106	0.0106	0	0.1014	0.1014	0.0018	0.0069	20.40546224	59.01219603	20.58234174	2.654872605	0.015	34.6209725	0.001136806	0.002860199			50.8221					-0.046406	0	3.722222	0.069955	0.030416868	0.125941143	53.47597885	11.5	3.5624	35.1193	0.12081	309.6999	0.6156				-2.892104143	
172	78.9564	79.4201	0.005	0.369653	3.431	0.972491			0	0.0053	0.0857	0.0024	0.0359	0.0378	0	0.0048	0	0.0053	0.0857	0.0024	0	0.002	0.0114	0.0227	0.0035	0.0096	0.0184	0.0033	0	0	0.0202	0.0202	0	0.2754	0.2754	0.0015	0.0048	70.01108282	10.11335206	19.87556511	5.30974521	0	41.98166	0.001215531	0.004081616			85.1855						0	4.833333	0.049326	0.020862094	0.098199803	59.98163795	17	0.97588	35.1267	0.043659	330.602	-3.1698	27.87115857			-2.711803416	-2.742673791
173	78.97556059	77.06341379																																							2.485659485	0.02	39.57656133	0.001138593	0.002326711		0.309558721	92.92053333			82.66503779	0.000395631		0	2.398148			0.106885663		13	-0.99636	34.7677	0.0640755	369.98315	0.91451				-3.041464	
174	79.2233	66.3435	0.0435	0.35992	3.7745	1.057108																																			0	0.05	32.520447	0.00109338	0.000589373		0.418657914	124.7503			94.31935501	0.00045784		0	0											9.257869127			-2.637286178	-2.724979857
175	79.05600426	66.99532948	0.022125	0.395269	4.35775	2.2880255	7.9425		0.0059	0.01285	0.093125	0.00565	0.0184	0.03515	0	0.00525	0.0059	0.01285	0.093125	0.00565	0.014125	0.0045	0.0076	0.008225	0.013525	0.0015	0.008525	0.001075	0	0	0.04155	0.04155	0	0.282025	0.282025	0.005975	0.01015	65.96689261	10.58851644	23.44459095	0	0.228	35.24909533	0.001145736	0.002656823		0.424615533	72.07095556			92.397786	0.000468235	0.007363333	0	0	0.103837	0.024636927	0.143401715	45.25808652	19.5	0.617683333	34.61826667	1.04772	373.98705	5.4624	5.245381131			-2.657935943	-2.927059176
176	77.1604	73.2057							0	0.0073	0.0207	0.0034	0.0075	0.0122	0	0.0047	0	0.0073	0.0207	0.0034	0	0.0055	0.0155	0.0237	0.0043	0.0074	0.0142	0.0058	0	0	0.0271	0.0271	0	0.1589	0.1589	0.0014	0.0093	35.7364519	24.76625722	39.49729088	0	0.43	37.769543	0.001328503	0.003428314		0.218093291	62.2831			64.08536911	0.000319432	-0.040917	0	0											27.21782313			-2.573040698	-2.835478778
177	77.1604	73.2057	0.014667	0.053607	0.305	0.244154	7.996		0	0.00325	0.01525	0.0018	0.006225	0.007975	0	0.0008	0	0.00325	0.01525	0.0018	0.0052	0.0024	0.012	0.008425	0.002075	0.0019	0.0052	0.00105	0	0	0.017025	0.017025	0	0.087425	0.087425	0.001025	0.003825	36.54781756	28.45999491	34.99218753	0	0.43	37.769543	0.001328503	0.003428314		0.218093291	62.2831			64.08536911	0.000319432	-0.040917	0	0	0.10596	0.021317616	0.168495289	40.91852188	10	0.33207	34.5618	0.27882	388.5822		14.88959622			-2.513854645	-2.5349652
178	76.72240424	73.62455818	0.039	0.128108	1.21075	0.5783235	7.996		0	0.003075	0.01475	0.00115	0.0061875	0.0078375	0	0.0008	0	0.003075	0.01475	0.00115	0.004275	0.0019	0.012	0.0080375	0.0019625	0.001725	0.005125	0.00105	0	0	0.0144625	0.0144625	0	0.0843375	0.0843375	0.0010375	0.0034875	37.52189975	29.93768597	32.54041427	6.690288105	0.54	38.17298714	0.00135808	0.003500346		0.986868151	24.975875	658.1756194		177.6628604	0.000370124	0.007952	0	1.888889	0.069331333	0.020069875	0.121848149	59.37764855	16.8	-0.438256	34.64864	0.09806888	357.71206		4.200646667			-2.483386929	-2.92547375
179	74.82709032	76.05549355																																							0	0.7	42.70666	0.001387656	0.003474399		4.918038607	17.6348	1294.198669		1075.83638	0.000272893	0.010402	0	3.777778	0.0485	0.013867691	0.099483749	64.65014648	24	0.11009	34.5908	0.165	347.4737		4.200646667			-2.616031615	-2.92547375
180	74.67925583	76.33261583																																							0.003058514	0.8	40.22730917	0.001387656	0.003629417		8.928659861	14.27095	3090.277008		1046.003542	0.000331556	0.046834	0	1.888889	0.0485	0.013867691	0.099483749	64.65014648	24	0.11009	34.5908	0.165	347.4737		4.200646667			-2.578146158	-2.92547375
181	77.39322333	75.68671																																							0	0.023333333	24.29188988	0.001262672	0.003268815		0.469951853	13.7799			109.1008098	0.000333748	0.016525	0	1.907407333											4.200646667			-2.578146158	-2.92547375
182	79.22606	67.06262																																							0	0.1	21.96114333	0.001064992	0.005595312		0.271386206	24.2794	152.4394531		73.81891632	0.000444776	-0.031922	0.0287975	3.847222											4.200646667			-2.666744951	-2.92547375
183	79.40111304	66.63841739	0.008	0.041477	0.9045	0.017691			0	0.0053	0.0109	0.0063	0.0026	0.0105	0	0.0017	0	0.0053	0.0109	0.0063	0.0177	0.0107	0.0085	0.0091	0.0029	0.0012	0.006	0.0033	0	0	0.0438	0.0438	0	0.1318	0.1318	0	0.0069	21.78433921	17.64475072	60.57091007	0	0.245	21.80624667	0.001106592	0.006613266			33.2306					-0.031922	0.0287975	2.5											5.6383622			-2.390986093	-3.01948
184	78.61893529	80.0908	0.0125	0.025668	0.1955	0.015168			0	0.0028	0.0144	0.0024	0.0032	0.0071	0	0.0038	0	0.0028	0.0144	0.0024	0.0062	0.0042	0.0077	0.0117	0.0017	0.0022	0.0049	0.0023	0	0	0.018	0.018	0	0.0859	0.0859	0	0.0059	42.88794184	19.68580262	37.42625554	0	0.4	18.4787912	0.001258911	0.002518786			40.0221					-0.016661	0	1.5833335											8.697369931			-2.63405218	-2.633015833
185	78.16148125	87.80184375																																							23.25958303	0.565	16.73179233	0.001316685	0.002085657		0.393896341	26.71195			90.2979126	0.000334424	-0.044722	0	1.0694445											4.200646667			-2.60609349	-2.92547375
186	78.2518	91.8557	0.139	0.027469	0.548	0			0	0.0032	0.015	0.0054	0.0016	0.0091	0	0.0022	0	0.0032	0.015	0.0054	0.0175	0.0063	0.0026	0.0086	0.002	0.002	0.0074	0.0052	0	0	0.0443	0.0443	0	0.1305	0.1305	0.0011	0.008	29.94776553	6.942369198	63.10986528	46.51916606	0.62		0.001304139	0.002257904			16.1385					-0.072783	0	0			0.107687006		11	0.31198	34.5837	0.12363	323.1488		11.15797586			-2.559120153	-2.4844337
187	78.2518	91.8557	0.634	0.150839	0.202	0.194331			0	0.0071	0.0229	0.0045	0.0057	0.0126	0	0.0068	0	0.0071	0.0229	0.0045	0.0105	0.0057	0.0147	0.016	0.0038	0.0047	0.0067	0.005	0	0	0.0326	0.0326	0	0.1621	0.1621	0.0015	0.0115	40.26673333	22.53290897	37.2003577	46.51916606	0.62		0.001304139	0.002257904			16.1385					-0.072783	0	0			0.100712211		20	-0.60743	34.7531	0.074535	324.3174		4.200646667			-2.73950425	-2.92547375
188	78.23102479	96.45568636																																							30.75616089	0.63	11.058244	0.001287095	0.001439244			22.7296					-0.072783	0	0			0.123129963		17	-0.343747	34.564	0.090378333	332.1956667		4.200646667			-2.578146158	-2.92547375
189	77.46107674	120.4776432					7.8465																																		4.7216366	0.338333333	10.8634128	0.001339443	0.000819802			26.82353333					0.438765	0	2.055555667			0.144562016		10	0.20345	33.3091	0.536905	359.8214		2.142793596	1.8476762	2.7031504	-3.055639615	-3.169664639
190	71.59500417	160.9381583																																							0	0.09	13.118738	0.001360622	0.000260443			2.487					-0.089788	0	2.777778															
191	71.33572558	164.5397388																																							0	0.06	14.0316892	0.00105454	0.003114444		0.620001942	7.2191			132.8198166	0.000704177	-0.089788	0	1.388889															
192	71.0704	174.9916																																							0	0.1	14.347429	0.000702537	0.006029853		0.620001942	15.1918			132.8198166	0.000704177		0	0															
193	71.93456984	49.68029048																																							0	0.235	13.2329834	0.000708173	0.00448664		0.591862631	14.4982			129.6224259	0.000665274		0	0															
194	73.12867016	-166.5590407	0.1855	0.866194	1.9045	5.566842	7.963		0.0094	0	0.0772	0.00135	0.0138	0.0244	0.00495	0	0.0094	0	0.0772	0.00135	0.00405	0.00185	0.0083	0.01575	0.0049	0.0047	0.0021	0	0	0	0.0151	0.0151	0	0.22475	0.22475	0.01005	0.0083	78.0916852	9.671425497	12.2368893	0	0.535	10.16513933	0.000469805	0.012499664			21.442						0	0					17.5			0.146055	335.47455	-2.323245				-2.936683611	
195	71.8895	-154.9101																																							0	0.7	7.702758	0.000241071	0.0284539			24.1722						0	0															
196	71.68012532	-151.6522377	0.11025	0.693688	1.971625	3.6262245	7.913		0.0057	0	0.05675	0.00065	0.01105	0.012775	0	0	0.0057	0	0.05675	0.00065	0.002675	0.0004	0.00105	0.003825	0.00225	0.001025	0.002225	0	0	0	0.00465	0.00465	0	0.10415	0.10415	0.008575	0.00265	89.59422691	3.004669078	7.401104007	0	0.742	8.6727722	0.000577909	0.01867279		3.333714724	21.3072			315.4015198	0.007912072	0.078449667	0.022480333	0.986111											56.3500057			-3.321858202	-3.406546645
197	70.21794118	-130.7600529	0.0435	0.237249	0.1675	2.180236			0.0118	0.0037	0.0241	0	0.0069	0.0018	0	0	0.0118	0.0037	0.0241	0	0	0	0.0052	0	0	0	0	0	0	0	0.0067	0.0067	0	0.1236	0.1236	0.0166	0	69.85220055	16.2373836	13.91041585	1.176895555	0.9175	10.38814817	0.000709099	0.019003023		2.952235063	16.5357			293.4078268	0.015361114	0.110588	0.00273	1.972222					11			0.63606	335.6818	0.62571	16.57853203	18.14030482	8.8372148	-3.00487434	-3.030727133
198	68.80765	-112.1620778	0.105	0.27459	0.586	5.743272			0.0095	0.0039	0.1161	0.0045	0.0085	0.0279	0.0014	0.0061	0.0095	0.0039	0.1161	0.0045	0	0.0071	0.003	0.0293	0.0033	0.0034	0.0034	0.0012	0	0	0.0333	0.0333	0	0.3049	0.3049	0.0023	0.0085	79.76427454	3.312285315	16.92344015	7.376578665	0.746666667	8.503143																	11			0.63606	335.6818	0.62571	1.955821772	1.914613755	1.742521	-3.425631898	-3.45609784
199	70.11667778	-99.18716667																																							2.251355737	0.563333333	6.930854	0.000959602	0.001141892			18.4567						0	0					11			0.63606	335.6818	0.62571	14.62318146			-3.543728171	-3.440703972
200	74.305	-85.6552																																							0.512138506	0.29	5.964183	0.000958759	0.000747411			49.4242						0	0					10			0.47804	357.2114					-2.9278726	
201	74.1655871	-85.54657677	0.029	0.8521935	3.652	7.1756275	7.77775		0.029275	0	0.1964875	0	0.025725	0.097475	0.025275	0	0.029275	0	0.1964875	0	0.002475	0.0010375	0	0.0292625	0	0.000125	0	0	0	0	0.00305	0.00305	0	0.4833875	0.4833875	0.0119375	0.014125	98.90032365	0	1.099676353	1.688991209	0.13	6.04834	0.000935906	0.002380366			38.15548						0	0			0.126993386		11	-1.34325	31.0026	0.55149	371.6439	-3.55295	16.8381534	21.01308327		-2.629366935	-2.600864961
202	72.69226	-78.16848667	0	0.510746	0.1715	1.867164			0.0074	0.0207	0.10645	0.00395	0.04115	0.0431	0	0.00595	0.0074	0.0207	0.10645	0.00395	0.0163	0.00235	0.074	0.0156	0.00175	0	0.00135	0	0	0	0.03115	0.03115	0	0.3138	0.3138	0.0032	0.00965	54.01976607	34.86075298	11.11948095	8.363587107	0.033333333	5.825364	0.000970744	0.001259421			20.5289						0	0											19.61733385			-2.862506344	-2.802307818
203	72.471	-71.8887	0.048	0.575255	0.3025	1.293947			0.00325	0.0172	0.0715	0.01045	0.03095	0.04615	0.0008	0.035	0.00325	0.0172	0.0715	0.01045	0.03175	0.0089	0.05895	0.02235	0.00515	0.0057	0.00395	0.0022	0	0	0.08365	0.08365	0	0.3919	0.3919	0.0032	0.0123	46.63147271	26.07763372	27.29089356	0	0.14	3.226999	0.000596423	0.018947516			15.8867					0.189964	0.113334	0											29.1757707			-3.112065267	-3.071181
204	72.46981739	-71.89099565	0.048	0.575255	0.3025	1.293947			0.00325	0.0172	0.0715	0.01045	0.03095	0.04615	0.0008	0.035	0.00325	0.0172	0.0715	0.01045	0.03175	0.0089	0.05895	0.02235	0.00515	0.0057	0.00395	0.0022	0	0	0.08365	0.08365	0	0.3919	0.3919	0.0032	0.0123	46.63147271	26.07763372	27.29089356	0	0.14	3.226999	0.000596423	0.018947516			15.8867					0.189964	0.113334	0											13.65916264	23.27458027		-3.009364955	-2.998727724
205	72.18216574	-68.760125	0.0575	0.8969225	3.9355	4.2729895	7.858		0.051925	0	0.83945	0	0.13305	0.24975	0.1	0	0.051925	0	0.83945	0	0	0	0	0.061075	0	0.0048	0.003675	0	0	0	0.005175	0.005175	0	1.31855	1.31855	0.0239	0.0308	99.29637858	0	0.70362142	2.306684051	0.344	3.354959833	0.00054538	0.020870636			49.08822					0.189964	0.056667	0					21.66666667			0.59425	356.0416333	-3.5785	14.37349346	12.11775344		-2.490974552	-2.45174668
206	70.6290289	-53.55103853	0.181875	0.425499	3.0815	2.4050425	7.92675		0.008125	0.0065	0.053675	0.002725	0.0166	0.017275	0	0.002925	0.008125	0.0065	0.053675	0.002725	0.010475	0.001525	0.01905	0.005225	0.003725	0.0015	0.0014	0.00025	0	0	0.020825	0.020825	0	0.15375	0.15375	0.0071	0.0048	61.0386109	21.95350936	17.00787974	5.077544156	0.715	4.262482571	0.000474653	0.022450994			37.00106667						0	0					20.5			0.79881	328.7343	3.40685	11.60585139	13.80372542		-3.317622157	-3.175071462
207	69.1136	-51.5086	0.1445	0.309794	2.481	1.761705			0.0349	0.012	0.1331	0.0078	0.0379	0.0534	0	0.0187	0.0349	0.012	0.1331	0.0078	0.0266	0.006	0.0583	0.0211	0.0105	0.0021	0.0028	0.0009	0	0	0.0629	0.0629	0	0.4519	0.4519	0.0115	0.0148	58.71841017	23.19267193	18.08891791	0	0.98	3.809503	0.000453137	0.020453628			30.485					-0.016382	0	0											17.43048669	25.0368767		-3.235689258	-3.12468346
208	67.9040047	-52.07034564	0.1775	0.397487	2.24	2.038552			0.012075	0.014275	0.061225	0.004175	0.02505	0.032375	0	0.017475	0.012075	0.014275	0.061225	0.004175	0.014575	0.003575	0.042675	0.01315	0.008625	0	0.001475	0	0	0	0.035525	0.035525	0	0.2716	0.2716	0.004875	0.00885	52.2236354	30.29330409	17.48306051	0	0.91	5.00745	0.000470984	0.024943602			22.50375					-0.0333365	0	2.8333335					38			0.409435	308.25695	0.23665	18.02073568			-3.286209053	-3.151674805
209	64.13797568	-53.55259865	0.25	0.63711	7.374	3.587449			0.009	0.0019	0.0102	0	0.0021	0.0025	0	0.0007	0.009	0.0019	0.0102	0	0.001	0	0.002	0.0011	0.0006	0.0002	0.0008	0	0	0	0.0028	0.0028	0	0.0244	0.0244	0.0035	0.0011	68.45879733	15.87973274	15.66146993	0	0.633333333	5.933591714	0.000348676	0.032306441			35.07206667					0.082811	0.0390525	2.8333335			0.150038777		34	2.6212	32.8705	0.53445	312.12085	2.26395	22.67332454			-3.282706024	-3.163449101
210	59.34576209	-55.38220853	0.235375	0.599456	7.234625	2.7190845			0.0050875	0.0303875	0.0810875	0.0048875	0.045275	0.05325	0.0021375	0.0261	0.0050875	0.0303875	0.0810875	0.0048875	0.01465	0.0040875	0.08945	0.018625	0.013675	0.00145	0.005325	0.0006625	0	0	0.0365625	0.0365625	0	0.39865	0.39865	0.00175	0.0130375	46.49085064	40.74087746	12.76827191	0	0.218	7.556024545	0.000208521	0.035179306		0.869454926	41.47033333	199.2594223		140.1880486	0.00029836	0.215913	0.078105	0			0.145158107		59	5.22635	34.34755	0.64209	293.80785	6.0941	7.106181337	1.757681029	1.676393	-3.081561562	-2.980084977
